94 60 -94 79 18 -56 -97 74 90 39 31 -74 89 51 59 -38 90 98 -82 11 51 -4 -53 -5 82 84 -58 -79 43 -89 -29 64 29 -58 -60 -98 -81 9 -33 -70 -7 95 71 41 -86 -80 91 11 -85 -48 -87 39 -45 -96 88 -69 48 -85 96 -51 -24 -28 -19 69 -37 52 -47 -30 -55 -43 -93 -39 70 -23 -68 23 -63 32 -35 42 -82 -62 -91 -61 -22 62 14 32 -71 24 -84 -59 70 -12 85 -1 -95 14 19 9
69 27 36 75 -8 -59 51 69 8 -55 -2 22 39 90 -87 -4 83 5 -85 87 65 38 -33 54 -8 99 -93 -73 22 -29 -24 20 85 -7 2 -21 13 89 26 61 -25 -47 -32 1 -51 98 93 -61 87 82 63 -18 26 -13 41 -72 -47 39 10 -15 -80 -35 -92 85 39 8 57 42 -30 28 -12 -16 -15 20 60 19 -96 45 -81 -45 -37 -5 0 11 -52 -78 -95 48 60 -30 40 68 43 -69 2 -62 22 36 -27 92
100 92 13 99 50 -11 -38 -26 -46 -4 53 -41 -3 -70 -36 -57 14 0 18 -43 -21 48 -30 13 37 39 -87 52 79 -19 -67 80 64 -83 69 29 -18 -79 -90 59 -79 61 -91 82 97 -85 5 -34 -97 -9 29 37 -27 -24 -14 -4 11 -4 77 7 -3 -62 21 -17 7 25 -88 53 -18 -72 -27 9 46 44 -32 32 52 -9 -13 -19 80 -46 -2 -27 -90 -59 36 -52 54 -30 21 -41 -55 45 71 -27 35 51 1 32
-1 -97 90 76 14 21 58 45 -98 91 -38 2 -62 -16 77 0 -17 -23 98 68 -4 97 -11 -14 57 -73 -14 8 -93 -55 -92 -79 -89 19 4 18 -1 25 -66 -16 -22 72 -76 3 13 52 5 -41 23 47 75 -5 -75 50 -98 19 -40 -71 -51 86 37 28 -64 -53 85 98 -91 26 -52 -99 52 15 -36 -71 16 -73 -4 -52 62 0 19 -22 -80 -99 49 -100 97 7 -83 -30 -15 -71 -64 -86 58 -5 -48 48 -93 -2
-71 55 75 56 -9 33 49 -82 85 46 39 -10 -57 -64 -80 -49 -61 64 74 -1 -23 -77 -58 -23 -71 -50 -88 -47 -14 -99 71 -30 81 -77 40 34 -37 -3 -40 75 -7 0 -42 -23 39 -31 100 -3 -17 -81 -29 -5 69 -18 98 -70 58 -83 -91 29 -86 74 53 38 -82 75 -56 -83 -6 -41 55 64 78 87 76 24 -85 27 100 84 -74 12 88 -56 -38 -13 99 -40 -51 -42 -26 95 -96 47 -71 -34 -56 11 -70 2
-44 -78 48 6 -16 92 -89 70 22 -85 19 -1 96 -24 72 -89 87 -48 80 -12 90 -27 -10 -5 67 36 -50 -32 -35 1 21 0 -19 -4 -25 28 93 -90 -50 -27 7 85 -1 64 -4 -5 -45 -83 98 98 28 -70 12 -63 38 74 -15 34 -16 -60 -4 26 -65 -69 28 53 42 -36 14 -74 41 -48 -17 -42 -93 -79 -91 -56 0 -25 -69 -79 -68 65 1 -49 -72 -55 -64 -46 -94 60 -14 93 53 -21 -55 -14 -73 -74
19 48 -74 56 28 -33 -39 -61 96 23 49 31 13 58 79 -76 -66 -79 -61 -49 -59 -79 29 -96 69 -51 -56 46 80 56 -17 9 75 74 88 -86 71 -71 -72 -78 51 8 99 0 -65 23 39 -3 70 74 97 85 78 -14 17 69 -95 6 -86 29 76 -83 52 3 30 81 -13 -46 86 -60 100 -73 90 84 -57 -54 -43 38 64 15 -97 -29 -91 -29 43 -21 13 30 40 12 -63 -45 20 4 100 -38 -88 -17 -46 31
-8 -54 79 -67 -96 99 23 -70 78 -98 4 -73 8 18 63 5 83 -10 83 53 -18 -85 -75 -25 -5 79 -34 43 28 44 4 -34 -47 84 -40 64 81 46 80 3 32 -28 83 -92 100 -3 -93 -35 -57 92 -14 69 60 -82 88 -82 59 -100 20 65 91 46 34 63 15 14 47 -61 -5 93 61 80 26 -34 11 91 -51 91 -47 36 10 -71 69 -48 -72 -44 31 16 -15 -20 99 -99 -57 -33 -4 -65 93 -15 -39 -57
-8 -99 -46 22 -99 -63 -35 44 -98 69 97 82 -18 95 5 76 -38 57 -74 53 -45 85 -24 -11 92 -58 -37 -45 21 33 46 74 -40 -39 7 62 56 -47 -1 14 -90 -34 18 39 -30 78 77 48 56 -86 41 -93 37 15 -30 -53 -95 -27 -97 -32 1 36 46 83 -93 -95 35 -65 -13 77 21 -6 -60 89 -15 -85 27 -67 93 -20 -12 -8 -91 48 -32 68 90 69 -90 58 -12 -74 -30 33 -18 -92 -74 -74 72 -84
-17 -5 -100 27 68 -51 -74 29 -86 50 47 78 -78 -2 99 -24 -57 24 -25 13 -22 -49 92 -65 27 39 14 41 -37 -88 35 -59 -70 59 -28 -92 -74 77 21 85 43 -51 -6 2 63 83 -88 46 -77 -13 83 9 23 -67 -7 -55 79 24 85 -23 -13 73 -28 -4 11 -30 -23 63 73 -78 12 6 21 50 -27 -97 13 53 76 39 -52 -92 -30 -48 -60 -33 -75 6 -30 91 63 68 -5 -47 -4 33 40 -32 -96 45
-36 49 66 -50 92 -73 -85 -22 73 65 48 -26 -53 -44 -67 35 -7 -35 30 -41 -78 -13 -89 -44 65 -6 -90 -22 38 42 -48 -22 67 -18 30 -44 86 -91 -76 -86 21 60 -29 18 100 -32 -35 -100 -8 -77 -38 -66 62 -39 18 41 -19 -64 -99 13 -86 31 -89 86 -5 73 30 -61 49 -35 64 -89 87 -62 4 -11 53 83 -79 89 4 13 88 52 -66 -14 30 60 31 -95 -66 60 6 -84 -37 68 25 5 -77 0
-66 -55 100 -25 75 10 77 -40 -86 -78 42 -63 -19 -23 15 -5 58 -57 -70 82 -55 -42 10 30 27 -96 -41 -70 -30 72 -18 -87 85 62 40 -65 81 -72 -92 34 96 16 55 -55 -28 -1 -53 17 70 36 -95 -99 65 -58 -42 37 -5 -17 -100 -72 89 20 99 -8 -90 -97 13 -37 -44 75 -9 -31 -30 65 77 -5 -1 98 -91 -68 -94 84 94 6 36 87 37 -99 -75 -51 -54 -11 -48 74 -21 -59 82 -34 -24 87
45 -87 -27 64 -95 72 48 92 -3 -98 -78 1 100 -53 41 -59 96 -40 -37 32 -29 -81 -9 63 -50 37 -60 -71 -97 11 -39 40 15 -37 9 -41 -90 -92 26 -9 -26 75 -25 -37 -89 31 20 29 -92 -63 86 53 -48 -65 3 34 -77 -59 -69 96 100 -79 -93 32 -10 49 -1 -47 -58 30 -61 50 -58 19 -63 45 78 39 57 -32 70 95 22 39 -19 76 36 15 -11 -5 -6 43 -90 -74 -46 66 -89 -22 -96 93
77 -40 4 -3 24 38 -10 68 -86 -45 62 -91 -51 44 -27 -43 85 -35 -19 92 -51 -18 72 -10 15 64 -11 -11 -24 58 -39 -59 52 4 21 -47 -49 56 5 33 54 12 -82 95 16 -48 -54 -73 -41 -65 -86 57 60 -54 -64 -28 0 -66 -90 77 -24 93 -55 93 -3 -63 63 -33 62 48 15 -38 -43 -10 85 13 -29 82 78 -26 -39 -71 -61 -19 -75 -80 -44 -98 -14 -23 32 -64 -23 58 67 -23 -96 6 -48 -64
-64 5 12 -9 -15 -53 62 -82 -4 75 -4 -12 -20 -87 42 -67 78 83 -97 -44 -10 -57 1 -16 -67 18 31 63 84 -94 -55 -15 -94 85 20 8 -17 27 44 -10 75 10 61 -91 25 -53 66 42 -62 -90 55 -78 -87 77 68 -80 -53 55 -73 -76 44 -48 83 -20 -74 29 -44 65 -3 26 22 74 96 -3 -23 83 -32 -44 37 14 -47 20 -11 -62 -3 66 -32 15 -89 5 -3 -61 -45 -15 -82 79 -80 -85 53 78
31 -68 75 76 60 97 -19 11 -52 59 18 -97 47 90 -17 -42 43 89 -59 39 71 -4 54 37 81 55 -14 61 -61 32 -77 -66 66 21 88 -14 7 14 69 60 -18 -28 56 85 -73 4 -22 -84 -62 93 -29 -43 66 -83 16 -27 88 -14 79 -88 -86 35 -67 89 68 -55 -29 -6 59 47 53 -20 -55 5 30 -75 -42 -74 17 -8 48 78 28 93 69 -70 82 67 2 -81 -43 58 -66 -84 33 -22 -23 -32 -88 -50
-61 -18 92 85 26 -71 -84 56 73 -56 38 -67 91 99 -84 61 41 11 -15 -74 80 -96 88 -39 67 82 27 91 -66 -83 28 2 48 -67 -22 -48 12 -55 -73 53 -100 -39 -10 -98 78 -53 37 55 56 -37 40 9 77 2 82 -12 60 -43 -16 69 20 -83 100 69 -36 18 43 -98 2 -27 -44 -63 -27 -8 64 -23 -21 89 86 -5 -11 23 -96 -99 -94 -30 -19 84 -3 -99 2 77 -27 70 64 -30 -27 8 40 -57
36 -29 79 66 -55 94 61 76 30 8 93 -74 5 2 -32 68 15 31 -8 -17 -99 78 -90 -31 -73 14 86 -9 -78 3 92 99 67 68 -23 36 -21 42 16 -40 17 -44 24 13 -24 -46 -84 58 -46 76 -5 -57 59 -84 -16 48 60 -47 50 -36 38 -34 51 -4 14 -18 -77 -12 53 99 90 91 44 97 -63 -29 93 -91 69 88 -100 23 -82 59 -83 9 23 -85 29 -24 34 -49 98 66 99 100 56 95 83 -95
15 -25 -29 -19 -84 62 86 9 -79 67 58 -8 74 -34 78 73 9 -36 71 88 95 24 -96 73 -29 -46 -72 47 -43 45 99 -87 45 -10 80 -96 -74 11 -52 30 -25 2 40 -98 -83 42 -8 -48 20 -41 23 -60 -4 -70 -22 -41 86 13 76 -36 -58 36 -24 -16 4 -60 -49 -41 -34 -55 -79 44 82 29 -9 -22 89 92 29 73 24 -41 44 2 -66 0 86 -59 -42 75 96 9 4 88 1 89 96 -80 -23 74
-58 2 -4 85 56 -67 -9 27 -57 90 -53 58 -53 -91 -73 1 85 49 61 34 85 -25 -52 -29 -53 81 71 -20 18 14 -57 -51 -72 78 -56 8 -68 62 3 39 -21 -4 -84 46 41 -9 49 -45 -39 98 75 41 11 -32 82 96 -51 -58 -39 1 49 -55 61 -68 -45 -76 20 -90 -53 -99 82 99 -24 -33 -14 -18 33 22 -70 39 -13 97 -80 -10 -32 45 -48 -52 48 12 -32 -57 -6 -70 -71 13 70 -7 -28 35
-29 13 36 -64 22 66 -76 -49 37 -87 65 53 -79 100 61 91 66 -30 73 94 -46 8 -33 28 -1 19 23 59 -33 -32 -33 18 94 -10 -95 -42 19 -62 -73 18 -1 -24 9 31 -63 -15 79 92 75 -33 78 99 -50 -98 -38 -42 32 97 -77 9 6 16 16 -82 72 87 90 -76 33 81 -19 61 39 74 -55 -22 44 71 41 -91 77 53 -28 91 99 77 -3 -33 -100 -26 65 60 7 3 -21 -39 -90 23 35 -72
-54 -32 68 -81 -35 -15 60 -5 -82 91 -66 32 92 -15 -88 79 -88 -88 62 89 -89 74 -42 52 -47 18 89 27 36 -19 38 -1 -63 61 57 -1 15 83 49 90 59 -7 80 -58 -22 -20 79 66 -31 82 11 -65 10 25 97 -59 83 29 24 -57 68 44 -83 96 98 -68 1 37 76 69 -53 -40 -63 80 87 -64 -55 -64 -4 -28 53 -14 -47 -47 -36 -18 60 89 40 -84 14 49 10 33 -80 -62 35 2 -11 -87
53 77 45 -45 -40 75 15 53 19 7 -52 -91 40 70 -83 47 -19 -25 75 -56 -89 -72 2 -37 -83 -49 -57 -90 38 98 -6 -18 65 78 16 -76 -84 -57 43 -1 -56 71 -51 18 14 81 -52 89 11 97 -13 -92 45 -21 95 -23 -59 37 1 77 10 -61 -66 35 -25 -5 -61 -10 -26 -13 85 20 18 17 56 -91 -21 -22 26 -91 39 -29 84 44 84 -36 -42 -99 60 -89 70 -76 -55 -16 -63 77 -47 -32 -39 68
-96 100 7 37 -81 43 -26 -9 -92 100 48 53 70 -100 -1 -60 -8 -91 -97 32 39 50 47 20 -91 15 -84 -64 13 7 68 -46 100 73 -42 -1 -88 -45 -71 -9 -20 59 -34 -54 26 -53 16 -53 -98 94 85 60 -42 -69 47 -2 48 -99 19 -15 43 82 57 -7 -5 41 -8 2 83 34 -9 -10 69 -31 -59 -10 -45 -10 26 -44 -61 -40 40 -79 98 -99 -92 -32 -17 -60 98 45 78 -38 30 69 98 64 -53 -77
18 -21 25 -64 25 21 67 -87 75 73 -28 -5 -46 -7 -85 88 -87 52 64 91 -68 34 -46 -50 -50 50 -21 82 -52 72 -20 -6 -40 15 33 40 46 71 -21 13 67 -39 -71 42 33 -21 37 -75 -12 11 -100 -90 -13 55 -49 93 20 -37 -19 7 -24 -84 57 -44 86 -34 -34 19 28 -81 30 -99 -84 -11 -30 95 0 -14 27 -52 55 37 71 -7 -42 -70 -35 60 -34 -3 -60 -78 9 -22 -98 -75 70 73 -14 90
-69 12 -97 96 -42 91 -3 -41 -17 -88 43 -64 -1 28 -62 -33 43 37 -60 -82 96 -89 -87 -64 -26 93 -33 -14 68 44 -61 -19 -78 100 -51 -55 45 44 -29 27 -95 80 -65 -78 -45 -32 56 15 7 51 72 14 66 82 14 -47 11 92 47 24 -47 -80 77 -73 -84 91 -6 74 -58 -33 -79 86 -78 62 -96 53 19 72 47 -94 -36 -61 -44 21 -23 65 13 70 -74 -45 -2 54 73 35 37 -96 -20 -21 -34 -21
-65 48 6 43 42 74 -39 27 -24 25 -71 -21 -67 25 -9 -12 -76 83 43 80 66 -88 50 19 74 -60 15 30 26 52 -54 -63 32 59 74 -99 4 94 -20 29 59 31 26 -23 64 -96 -28 -28 -73 -79 83 52 -39 97 -12 91 66 88 -62 24 4 -79 -29 -56 39 -40 58 99 -76 -20 76 -100 9 57 72 81 -37 -13 71 -14 100 -52 -23 31 99 36 52 -71 -72 2 -86 17 -50 -4 -91 -51 95 -81 -61 31
-90 31 41 53 38 -65 -77 54 -73 -24 17 -20 -39 -56 14 -57 -2 19 -26 -94 33 77 38 19 -77 -30 94 44 47 9 -97 -40 -48 -19 26 0 -58 97 -90 -16 -24 -4 29 -77 -16 -4 59 -55 -31 60 15 -32 -3 -77 87 -35 -93 39 63 -63 -91 5 -29 60 -61 5 51 89 100 -40 -13 59 30 -16 -82 79 -89 -12 89 70 -25 26 -80 7 27 43 -22 -98 -100 -32 -89 13 87 5 -74 60 -99 83 -88 28
70 -24 -67 85 -83 14 -18 8 5 39 -67 -64 52 76 35 -66 86 46 -10 87 -17 -13 -87 -78 93 -17 53 23 -61 -22 82 100 -23 -71 -13 55 49 87 -27 41 16 56 -100 -4 7 -40 49 24 -13 -8 -48 6 -66 -17 69 -56 -39 96 53 -11 -66 -78 -94 59 48 -50 -95 -20 25 67 -33 -71 -22 28 -70 -16 -58 83 69 98 -54 -24 -79 -83 25 60 -17 15 65 43 -78 -69 46 -50 86 -41 36 -15 -55 94
-36 81 20 -37 38 87 43 -39 -84 -96 -98 3 -65 10 46 -98 61 99 39 -40 87 -73 -35 -59 29 48 24 -37 35 51 84 -38 79 -83 56 55 65 -92 86 10 -40 -46 52 -1 -31 2 -75 13 -32 66 34 60 4 -29 -77 60 -24 -50 -3 40 -22 42 96 81 -49 25 -35 85 2 49 -78 -35 -3 -92 59 -78 -30 19 31 -68 86 10 53 -6 40 32 20 -40 18 49 -93 77 58 14 -32 -99 -62 94 -70 86
-45 34 -37 -15 -93 -16 21 31 51 -16 -36 -72 -66 49 -33 94 81 -95 49 64 6 -100 10 45 78 -12 82 58 -65 87 4 -85 -45 4 -91 -24 45 18 83 -78 -8 89 51 -29 -80 95 5 -52 19 30 -43 -71 91 88 -78 19 -29 -36 2 -76 21 30 -61 1 -63 -85 -36 -27 4 -41 -7 59 73 -43 -45 83 82 -13 13 -83 91 -32 11 -73 -11 2 -96 34 -21 64 -57 43 36 -4 -100 35 -81 -51 -30 -8
-68 -32 -87 22 -45 -12 36 21 -64 -61 -10 26 -38 14 86 12 10 43 75 23 33 70 41 7 50 -60 36 73 57 -34 -78 -76 91 84 8 -58 -82 43 10 18 73 64 58 -93 -2 -6 49 -95 -84 -33 74 -21 95 24 -25 -7 -85 -98 -93 -85 54 1 82 7 85 37 63 -70 -90 -35 13 -8 -77 -35 75 -67 -12 4 -58 -76 7 13 91 0 -46 80 -19 -7 -35 -28 34 -91 9 4 85 -64 76 92 -79 82
-51 -48 -52 48 11 -9 60 -49 -11 -58 19 39 13 -54 -33 -34 -49 30 66 -22 41 -61 -14 44 6 -83 -44 -89 -26 82 -35 89 -19 53 12 -65 41 -20 34 22 30 11 45 -91 -68 60 -58 29 3 -97 -11 90 49 -64 -33 23 73 21 -68 33 -48 97 45 70 -71 80 43 -98 -92 88 -50 -94 -6 17 -80 -84 21 -94 16 -58 -94 -29 -25 -18 -40 38 11 -41 -6 75 32 -14 -49 17 48 -46 -84 -68 -25 -29
-2 -96 23 0 43 25 13 -98 -24 -48 82 3 -7 -47 -61 -83 -51 -22 83 73 -21 91 13 -25 -26 4 6 96 79 22 -86 -57 47 -89 24 4 57 -18 -59 -63 -98 86 20 45 100 82 50 -41 -91 20 82 -73 -93 -46 -1 -31 29 -69 -59 29 74 -48 98 79 -3 -68 -64 -4 -22 -55 28 68 -99 96 46 -91 -14 90 37 -88 -48 77 -8 34 -87 29 -35 -13 65 89 26 19 68 50 38 16 -92 -1 38 -17
40 -80 37 -46 73 90 -53 96 -64 64 -67 -22 33 -17 -27 -96 69 -93 -15 -11 75 -97 -9 -3 -18 -41 22 -35 -11 95 100 91 -30 24 -57 -16 42 -53 -67 25 64 84 94 93 51 67 -63 9 66 38 44 16 72 56 1 -61 68 -59 25 -5 10 -40 95 -76 -99 -52 48 7 -16 -81 -96 28 70 12 85 99 71 -8 -32 -68 3 -89 -98 -55 83 -22 23 -36 15 -6 -100 18 53 -30 -90 -10 -92 34 4 -23
-99 -57 44 50 -48 41 35 -26 88 -4 48 -66 -80 36 -32 -57 65 44 -86 60 -7 36 75 -16 99 47 52 -35 24 83 -21 -57 -7 -51 56 -65 -55 20 -27 18 67 -25 -30 0 47 -4 -78 87 100 98 46 -61 -13 25 -18 46 36 40 -13 -13 52 70 21 21 -57 -50 94 40 -73 -79 11 -36 -88 5 29 76 100 63 28 -63 1 29 -76 46 2 -15 -2 -93 -58 53 59 60 -66 42 -12 3 -38 35 -16 -61
-33 39 -10 25 1 -41 -69 30 34 -68 -19 -63 78 -40 -98 -47 -63 70 -37 55 -50 -96 77 -31 73 73 -1 -38 91 -100 75 40 13 65 100 -57 2 -99 -87 -93 -56 -56 -87 -86 43 -100 -45 -90 40 29 72 -60 75 41 -6 79 7 58 7 -100 51 -10 18 83 -99 -14 -68 -74 -91 -96 -23 72 -89 94 -52 -55 -37 -42 38 -36 -24 14 50 77 -74 -2 83 59 90 11 20 12 -39 35 51 -49 7 -95 23 -19
-52 14 -56 -16 -35 -22 -89 -3 10 -52 92 -86 78 -14 -59 -79 13 80 5 75 -72 23 18 -78 87 8 84 -100 -48 79 27 -4 42 70 27 34 -40 78 17 86 17 -99 5 70 88 73 -3 4 41 39 12 20 73 52 43 -79 -44 -35 -60 -68 87 11 -5 -54 -29 -54 40 -72 -7 64 68 -47 29 -7 27 -52 -79 82 -16 -57 1 -82 -8 52 -37 -46 -45 13 12 -19 -40 -63 97 -66 -84 15 -93 100 -49 -20
80 -15 -84 74 27 16 -50 -90 80 63 43 18 -99 -19 -32 2 39 -23 59 -11 37 45 -17 0 -60 -42 5 -61 85 90 -23 32 80 94 -88 30 90 -18 39 -72 -62 64 -23 81 -86 52 59 -11 -39 -15 -63 61 -22 42 -88 -76 37 95 -69 23 60 -53 77 -23 18 94 38 -76 -83 79 -12 71 -52 87 -76 -24 -15 -9 36 -31 -16 -59 57 -69 -50 16 -86 -30 -21 70 -62 36 9 18 -7 -86 -93 -65 78 -64
75 -13 21 -92 57 -7 -83 13 -87 59 -70 -31 74 72 -9 -33 -37 5 22 -79 87 -98 -73 -43 61 58 -39 53 -56 75 11 -2 5 54 -40 -19 -55 59 93 -75 -39 -65 10 45 97 -45 -43 45 -41 38 -61 -83 15 -88 7 -1 2 13 -7 -73 -63 54 84 6 47 -99 99 79 19 -58 -3 -26 -95 -12 -11 -45 3 -11 -75 91 66 -21 83 -74 -64 6 77 -80 -24 -55 4 12 44 -72 54 20 -22 -69 21 -10
100 79 -83 -70 3 -21 -77 7 -87 -61 -80 -9 85 29 -39 50 88 56 9 0 -79 60 -34 -91 -28 -77 69 -84 -34 -41 46 -43 43 96 -48 53 0 -74 93 -39 -65 -56 -77 -10 -85 47 82 -13 -63 -94 -35 -11 31 45 6 -73 -44 16 36 -55 22 -23 -3 -19 -73 -53 69 -30 -55 -44 98 -38 -8 -58 -69 -26 -23 78 3 20 8 97 57 30 82 -96 -48 -84 40 85 -82 -99 82 -59 -68 15 61 98 -71 32
5 0 88 -44 6 -30 -100 82 62 -92 -54 -35 51 66 -93 43 14 -97 98 -50 -10 78 58 83 68 -96 10 -36 93 67 -52 -94 -57 35 6 76 62 77 3 67 6 58 9 7 -66 -79 -22 -35 -52 -85 -43 65 -20 73 -38 -30 91 -47 63 46 -48 -18 -35 39 35 -35 -30 -60 -54 29 -18 41 52 -100 -93 63 -64 -78 12 -17 17 4 -15 98 -73 63 -88 85 -79 -37 -39 36 -68 -81 66 84 96 7 100 -3
-99 -26 2 -67 59 23 57 -88 5 27 -31 95 -65 -100 41 -83 -78 -20 -64 -60 -81 32 34 -1 -63 14 -9 -32 -23 100 31 65 -33 -12 -10 -73 83 -48 -35 44 20 -66 -78 28 -89 -26 68 -77 -54 69 -10 -86 13 -49 -62 -92 41 -95 -95 -58 66 99 -90 78 -47 -86 87 -88 19 -58 22 -3 13 -72 35 78 -6 22 -78 69 93 -32 -5 29 4 69 -99 -17 -2 -42 -55 80 -84 11 -7 -5 44 -49 -29 84
27 37 92 -24 -72 -65 -60 72 -2 48 99 43 -41 -14 87 12 -37 85 69 -57 62 29 -46 -39 -56 -22 -54 20 -58 42 -44 37 -19 -6 -7 -63 33 -100 -69 -63 11 -30 34 -69 66 -87 -62 97 55 -39 67 -48 -48 14 86 48 15 -16 -95 58 30 -97 35 60 3 58 82 31 -64 -33 -6 -29 -5 -5 -99 95 -99 -88 -34 -10 -31 44 65 76 72 36 -51 70 97 79 57 60 -48 -66 -5 13 -3 54 90 -13
7 12 -79 -32 -38 19 -57 58 -3 -27 44 -42 96 -13 30 74 50 58 -56 -26 89 73 13 -27 12 9 30 -69 -71 8 -26 79 -86 8 46 86 42 -61 -82 -78 18 -91 26 29 82 -69 92 -40 -73 -78 65 -63 -64 98 5 -24 84 47 -79 87 -80 65 -61 53 83 3 75 -87 -4 -11 -83 -100 -41 5 46 -10 8 -28 -46 19 70 -87 92 58 15 -47 -25 -75 -72 -69 76 -22 49 -60 -60 -64 77 77 86 -98
6 -78 29 -50 29 -86 24 -88 85 11 -74 29 -80 45 52 -43 74 -45 -84 -94 -3 -87 -8 92 7 42 -62 -59 -51 95 -100 -35 34 18 59 -42 -20 41 -94 22 -23 -15 -8 95 16 92 -83 -37 -43 -10 93 -25 52 63 -50 59 -85 -15 70 1 32 51 -90 7 16 81 -72 43 90 59 87 44 63 28 -15 72 90 38 -57 46 -6 22 -1 47 -90 -37 76 82 42 -19 63 -74 8 -83 77 60 -59 -90 -4 34
14 45 41 -91 13 -70 28 -52 -42 32 -13 60 0 37 -51 -60 -71 -2 -7 -96 73 82 -4 -96 -89 -69 -1 78 -99 -16 -32 86 -78 -3 -89 30 23 38 -64 43 -61 60 63 -98 -98 -27 -61 93 12 -50 83 76 8 79 -94 36 83 -50 -4 -18 34 -58 -81 -16 56 -42 99 23 73 -47 -14 4 -73 62 -30 -64 3 -43 -65 -75 5 -64 -81 10 -86 -62 71 -71 58 28 32 71 -37 -69 -55 -96 -30 -5 -93 86
-21 -61 -22 62 -93 26 -31 23 -47 60 -59 -56 -26 -24 12 -91 -74 98 -22 75 -58 -11 90 19 72 1 76 36 -77 73 -86 86 32 -69 -35 68 -71 80 32 21 21 61 66 46 13 -49 97 -38 -63 -72 97 -58 36 29 -100 -8 70 5 90 26 77 86 -22 -2 90 -73 -4 -30 -21 30 -7 -71 -90 30 67 -65 -56 53 47 -70 -84 -77 35 -76 -44 87 99 12 -4 -86 -72 86 -53 -31 71 83 90 -85 4 99
-25 -73 -35 25 36 -69 -84 91 59 -42 23 -3 -25 -59 -73 2 -95 25 94 70 20 38 -18 -54 99 11 6 -78 -79 -20 -90 -69 -47 -14 -35 24 -82 -74 98 53 -65 51 -62 48 -48 28 14 -24 3 94 -63 -99 29 94 98 -99 0 -42 -44 -75 -70 -10 85 -45 -37 32 29 52 -14 50 -56 34 -16 -64 17 62 -59 -26 -43 20 -31 64 36 -14 51 -74 -30 -38 -75 -84 100 50 -63 -10 -76 -7 -85 -70 -51 -8
85 21 -39 -36 -78 -39 35 54 -57 6 84 13 25 -99 -30 -72 74 -80 -13 82 -95 88 -70 -29 85 91 64 -71 -64 90 -92 -42 -88 78 88 -14 -75 88 95 -35 79 -35 82 -52 68 59 36 83 -56 -1 -51 63 -25 66 -35 100 -38 -31 -95 14 -23 18 -17 41 -52 -82 -43 -2 -19 -100 63 -39 8 -70 49 80 -19 70 3 -42 35 -94 -26 -67 -68 -11 -100 -71 -52 72 -39 -30 -50 -61 75 93 58 -14 -58 79
-10 -20 -55 -22 66 84 67 -46 3 81 42 42 -71 64 56 62 10 -11 78 67 -85 20 100 77 -27 47 33 -63 -80 -100 41 7 -62 -79 40 30 -76 -18 -43 63 -59 -47 -63 -91 89 15 -9 -16 -94 -92 -40 51 -92 -24 62 -99 -71 44 -25 -24 -37 24 42 30 -33 -27 -40 62 -40 96 -95 39 7 -2 92 5 18 -7 -6 28 68 80 38 7 0 36 34 48 -36 -5 47 -36 -41 -65 84 92 -59 -65 -63 13
22 -99 18 -58 12 8 -18 -76 5 -72 -2 -6 71 24 -92 -20 -18 53 -46 -35 2 -12 -41 82 82 -84 32 -63 -83 86 -71 87 -36 23 -55 19 50 68 21 21 46 -86 -76 81 47 41 -43 12 -95 -21 -2 13 -24 90 -53 47 -30 -9 -3 -100 60 -23 -23 88 51 79 97 -60 55 20 27 -63 16 -10 -52 -15 80 55 82 87 -15 -2 41 37 77 26 -41 -43 21 -22 42 76 30 -10 -36 -94 52 44 46 68
44 72 89 -52 -30 -86 -25 11 -99 -15 43 -31 -30 42 -32 -54 9 -95 78 53 -61 50 14 43 34 -38 -2 -63 -59 -50 28 67 44 41 13 70 41 8 -15 57 -15 80 -18 41 -75 -74 -33 -46 -96 -20 10 97 89 -100 -67 -37 -58 29 73 99 8 -100 3 -67 -12 63 -65 -48 33 -51 43 4 -56 -39 -81 -57 -22 -43 27 67 63 92 27 23 0 -66 41 55 -31 -89 33 26 -4 -52 91 64 -6 -54 78 -42
45 28 86 24 -37 -43 44 4 98 -92 -6 22 -67 3 73 52 65 6 -17 22 78 -83 78 -63 -30 71 93 -49 56 3 8 26 60 4 16 50 48 33 24 -54 85 64 52 63 -48 -4 32 -8 95 -14 35 17 65 -68 85 -46 67 42 41 23 90 -27 76 -42 -95 -11 82 -90 88 65 -21 11 9 -69 27 4 98 -41 -63 13 65 11 -48 -14 3 -20 -100 54 -26 -43 16 99 -21 8 -42 94 37 -76 -46 -46
-62 33 -97 -38 78 -35 2 20 -46 -29 65 -35 -41 -57 -84 -66 65 -84 73 2 -71 63 3 22 -74 -80 57 46 73 80 9 40 4 82 8 -95 90 79 77 -64 -35 44 -93 31 13 -20 20 -7 -57 -76 -5 69 -16 73 -86 30 -31 30 12 2 57 -55 -25 92 -73 -55 99 -98 -99 -29 74 82 62 43 -30 98 7 42 -22 -82 71 -11 49 93 -52 38 17 48 60 33 -10 -96 -23 -51 93 13 -28 12 -8 51
-59 64 28 94 52 -83 -7 -29 36 -37 -83 -70 -66 -47 89 -86 55 -23 -92 -96 70 -95 60 29 -25 32 -25 28 98 -65 0 -39 -53 96 91 82 -31 45 -23 -29 -33 -84 45 -13 38 -3 23 -29 89 37 -4 5 -13 9 63 93 -78 -41 15 41 43 16 -66 34 -72 72 35 -77 -56 69 30 61 -75 -3 -23 47 20 -24 57 -31 -12 -93 -93 -44 20 -38 84 -62 31 -68 -43 67 31 31 -3 -96 -22 70 -70 61
-83 -59 24 10 38 -88 92 64 -76 16 -43 -67 -1 1 12 -7 31 -4 -18 -60 -20 68 -24 -82 -45 -57 -90 49 -6 30 85 -37 52 -91 9 68 -82 16 -93 -18 -33 -80 88 61 -55 -38 -8 81 -55 -47 92 -62 -4 -100 -26 -58 0 76 -91 -85 18 -38 16 -42 -93 12 13 72 -95 63 65 68 -32 -97 77 -76 -66 58 57 72 -59 13 -35 78 -16 -83 -99 -99 37 16 65 -97 7 -89 -57 83 68 4 -76 -70
-65 -40 93 -22 -56 28 13 -1 55 -20 -45 -19 91 -40 37 47 -11 65 96 34 84 -9 -12 12 91 -70 -38 -87 23 47 73 74 28 18 62 86 -91 24 -54 95 -15 -5 -61 -26 -80 59 13 65 -81 -6 0 68 82 4 89 -29 -5 15 57 -77 57 84 -76 -47 18 71 -83 79 -95 17 79 -18 -90 44 89 0 -82 -100 -94 -35 98 12 -6 72 -64 -38 62 66 -89 94 -64 66 83 42 -13 28 60 -96 -30 -11
51 -89 -99 -48 -12 74 -20 -33 -67 -97 -35 22 62 51 94 -27 19 63 -32 2 100 -57 15 46 21 -89 80 62 59 81 28 24 85 -16 87 -72 -62 -21 14 -13 -45 -12 -69 86 45 -62 -40 -97 -1 18 19 26 -75 60 54 -68 29 -5 1 -96 87 -42 8 88 -41 -6 82 24 -100 19 -35 -32 -11 -33 55 39 18 -38 -44 -22 -76 -58 -11 -64 -76 -12 27 60 77 24 -41 34 -31 -14 -14 -38 78 -76 82 -73
70 87 -94 -41 -22 -29 44 -48 -20 -10 92 -77 -47 -62 -69 5 85 55 -66 -70 -39 77 7 9 68 -21 31 36 -13 72 51 -62 -70 -69 78 92 78 -23 -5 11 -30 26 -53 -35 45 11 -50 53 -52 58 1 33 -48 56 23 28 -35 94 9 -25 -48 94 86 -73 -28 89 -24 65 61 2 47 -77 58 49 -40 1 -21 -60 -6 -22 77 -48 -80 -36 -75 89 46 88 -74 42 31 -92 40 -49 -69 42 -19 82 70 77
-34 -91 59 92 -23 46 -9 -54 -7 -50 -51 -83 8 -40 64 -66 -9 70 95 85 -32 -24 -84 -45 -13 29 88 -37 71 47 41 -54 22 24 23 56 -45 90 14 -24 79 -79 -92 -46 6 -73 -79 1 40 -81 92 69 65 -15 -84 -54 68 59 -53 -71 -99 13 -89 -78 -7 -44 86 -25 -19 15 5 63 18 91 89 91 -49 48 -32 -2 98 0 -89 1 52 -16 16 41 -64 52 4 -27 71 -83 -65 6 -91 37 21 -43
61 13 -17 86 52 -27 8 -21 25 63 53 18 -92 94 100 -75 94 34 -78 66 -72 -99 -95 28 94 -29 12 30 71 -69 2 -53 8 83 -97 -7 16 -36 -46 -89 -68 6 7 30 -66 97 -51 -10 28 48 1 28 1 32 64 -85 -5 13 99 95 89 60 46 -51 -36 89 -3 70 24 -15 37 -28 75 100 -46 7 -53 39 -13 27 24 -73 71 32 100 86 -26 46 32 -10 79 33 -38 36 -1 -58 -2 -38 -44 -94
-1 -27 64 -63 56 9 100 26 20 68 95 37 18 -66 -68 -25 -39 5 -35 31 84 6 91 18 54 9 62 -39 -44 86 57 2 95 30 -25 96 33 95 34 -59 46 -39 -17 -3 -15 -67 34 -7 94 57 -77 81 -80 61 -77 41 35 61 47 -92 43 -20 35 5 -97 54 -7 70 34 99 28 -67 57 86 25 85 -51 -100 -47 59 45 -12 86 16 0 -79 28 -58 -64 11 42 -47 53 -17 -12 -83 79 26 48 -78
-57 -39 -94 -49 68 22 -91 -98 -51 6 -46 47 -59 -3 -85 67 95 53 -58 100 81 88 -7 78 37 -41 88 47 -5 -37 76 20 95 48 64 55 -40 51 70 27 10 -87 21 -42 18 40 9 -59 -6 1 -58 -62 63 9 -18 23 -30 -43 -90 -84 12 72 83 89 -15 -87 -36 60 27 -33 53 9 56 -100 21 56 99 -13 0 35 -33 29 55 -74 18 98 -62 22 -66 25 -97 22 32 27 -2 61 33 -28 -76 87
16 30 54 74 35 18 -98 -60 -28 63 -90 -66 39 -64 39 -58 13 -86 -42 90 64 30 81 96 -14 -73 59 -32 28 21 -77 47 47 94 37 84 -9 -57 89 -70 31 56 43 -22 75 59 -85 68 23 89 62 52 70 -41 20 -70 72 -41 39 24 -65 -6 29 -26 5 63 -69 81 27 65 -54 -48 13 92 36 45 -72 100 86 -77 92 -59 -36 88 -3 90 -92 -70 1 42 -64 75 24 47 -77 0 -90 78 -17 86
-41 14 17 91 -36 55 -25 43 -16 -4 -74 42 -83 -67 -33 -87 76 -92 -72 -89 -74 23 -42 -81 -44 12 80 -85 -30 -45 -98 94 -8 52 -78 32 41 55 14 76 -21 98 49 9 89 -84 -82 92 2 21 54 -72 -30 7 -4 30 -11 -86 97 -62 83 -16 42 81 100 21 -70 -97 -66 -68 -57 -96 -32 89 8 -39 83 19 -89 -29 -24 89 56 -73 -37 39 81 7 -93 -84 97 -89 19 -37 -61 5 98 13 -87 -42
-19 -1 -4 -5 -41 56 93 -50 -8 -89 -95 49 20 -19 -10 -59 -11 -19 -11 -13 -50 72 18 -96 -66 -59 54 35 -29 33 92 16 44 -97 -35 85 71 93 29 83 76 98 7 5 86 -65 89 -22 -80 23 -5 -6 26 -25 100 -68 -40 -93 -45 -26 96 -68 27 -1 -37 -16 -16 78 13 -8 7 88 80 50 -49 43 90 -63 -52 93 -16 -18 7 100 -52 -75 37 58 -58 -69 77 -72 20 81 -31 -94 -92 24 37 -23
88 -78 -24 -11 -2 97 -8 -81 -11 -2 53 -28 81 45 -47 32 -98 32 51 -19 68 63 -70 87 -45 -9 14 -41 20 59 -16 -99 -75 -74 37 -33 80 -7 -16 71 -81 4 -76 -28 -72 -82 -65 56 -55 0 19 88 -36 -57 -34 96 -83 -81 -97 -86 21 -100 88 69 41 17 -78 12 53 35 -77 80 -82 93 -61 -84 -57 -79 9 61 99 71 -32 -41 -83 -49 55 30 -99 -5 32 52 -59 -7 92 18 52 84 -93 -60
-74 80 74 27 63 63 50 -68 77 16 89 73 54 -93 -75 -75 -34 -16 -32 77 -55 69 -87 -67 -80 29 -79 78 -15 -11 -2 75 -13 -24 88 19 40 46 58 -38 -68 -86 77 7 -97 93 -61 -62 -42 16 -42 17 -6 -88 -19 -44 1 5 -88 -69 93 33 -97 -17 -53 -52 26 -30 1 42 86 -56 -4 -89 55 -22 -27 73 21 -72 -9 84 -76 -40 10 95 -42 -92 -79 54 66 75 37 -32 97 -57 -14 12 -73 -27
72 13 94 42 24 84 -22 68 60 39 98 65 -2 -36 -74 -64 -50 14 -38 32 4 34 23 69 54 -71 -18 -64 79 33 -7 88 4 -18 -37 76 -9 11 -44 -68 46 -41 56 -9 -87 2 43 5 30 93 36 -87 -99 -18 -55 67 -31 -4 47 -88 -60 20 32 -88 -31 -29 49 -5 -60 35 91 38 -1 -91 -63 84 89 48 44 -24 -65 31 93 -73 89 45 -51 76 12 19 41 54 -93 76 6 74 9 -45 -4 -24
35 -76 -73 90 55 -23 -80 -68 78 85 17 41 74 84 35 5 47 23 -24 -73 -21 -45 15 -8 56 12 85 -54 16 -23 -30 -13 63 -44 -63 41 -66 9 61 -8 24 -99 -95 54 -54 28 -40 -25 99 99 -96 -79 -62 52 27 -79 28 54 46 55 83 71 -4 -2 -39 89 -32 -57 10 28 98 30 89 -84 62 75 25 -54 -31 -15 -32 81 -98 49 97 14 80 -69 6 -87 83 83 -27 13 60 -20 -29 95 -34 2
-78 -52 48 -18 -62 16 -30 87 67 -79 56 -62 98 -88 -71 38 92 61 -59 -74 -53 63 -83 -96 24 -79 -85 -96 -60 86 79 37 -15 -88 -69 -24 50 23 -99 -85 -63 -56 77 17 61 -85 49 -43 47 -48 -10 94 84 59 40 38 -93 98 -1 13 -3 -70 22 38 13 26 -19 77 -39 24 15 -62 61 -2 92 14 -79 -82 15 -58 56 -68 23 -66 1 13 34 2 48 -98 44 69 0 -37 56 60 -1 95 -91 -11
100 34 -3 31 -82 -65 65 -98 -62 13 -69 52 -84 17 -95 65 77 -99 -42 -87 -45 82 -83 -84 -67 -51 61 72 -21 -89 97 43 42 -15 5 54 -97 68 73 -3 -11 3 -27 82 36 -43 -6 80 -71 65 -5 96 48 -37 -11 83 40 -66 -42 46 43 -52 -29 8 66 -72 -93 90 -7 -38 65 31 -38 -61 0 -12 12 -100 -30 61 -94 96 21 62 -40 -71 6 89 9 29 20 -79 11 -53 -99 2 -9 -81 -62 36
51 -83 -28 -75 54 39 22 -66 32 60 -16 77 50 58 69 -85 5 -42 -5 -38 -42 18 -87 -52 3 60 12 75 -99 17 -22 43 -66 -100 -26 90 -77 100 88 -18 -62 -3 28 63 47 -83 27 -51 -53 -93 95 10 -6 -35 -18 -83 74 -83 -45 -58 27 -11 -65 3 84 61 27 -15 -95 95 90 92 -10 4 25 -78 37 89 -50 -26 -33 -77 -55 -5 57 -39 -11 -37 66 -51 -58 31 -68 25 52 25 100 81 -26 39
20 25 76 21 87 40 -61 -26 -89 -44 -8 -59 -23 -64 -28 -65 -52 58 35 79 -54 -21 -25 36 70 -73 81 -40 1 50 80 -34 -17 -9 72 16 86 92 73 -1 -62 -92 18 28 -59 29 86 6 -66 -7 -69 1 -8 -57 -20 8 95 87 71 57 -59 -45 -13 80 48 38 -60 -48 47 1 84 -37 84 -91 76 -76 -80 -68 36 -67 -61 -25 -99 95 4 -21 -89 99 26 -1 -52 -72 -92 55 -90 34 50 74 -92 54
25 87 -40 -99 54 14 -62 -77 66 -75 79 -29 -3 -76 -56 -82 75 69 -71 -93 -82 -96 -69 -80 53 -22 -70 52 8 32 88 -55 -92 -78 -8 -20 -32 -69 19 -41 -79 80 32 -71 -49 -74 16 59 -95 30 -22 -33 -1 94 -38 -79 48 28 35 93 88 -17 -21 -68 0 84 42 61 -22 72 40 -22 -93 83 41 98 8 -61 1 -61 -33 5 -19 72 95 -76 29 -15 -75 72 -43 -14 -57 98 14 17 4 78 70 -24
-12 74 4 -4 -87 21 -68 5 -24 36 67 44 -29 -33 44 79 60 38 17 -17 -16 -6 -84 -17 24 79 61 26 -98 9 26 -87 11 -89 96 96 58 -29 71 19 -91 62 -23 -44 -5 -42 -85 1 75 -31 -50 31 -33 85 1 -9 -98 68 -81 -14 -27 17 65 -83 -53 15 -11 -20 -18 74 -28 -85 83 -82 -77 -83 -29 44 69 80 23 25 9 -51 -37 8 15 -70 99 -99 -81 27 38 87 37 7 23 -2 35 60
83 99 67 -21 97 -59 -86 -48 98 -98 31 -62 2 10 -30 36 -87 5 -13 97 -8 50 8 97 -26 70 73 -1 -42 -21 -11 -73 48 -50 -12 -93 -84 30 100 -95 -100 24 -89 18 -48 -62 6 70 79 45 -21 -11 -92 85 68 -64 83 60 31 -91 -91 72 -42 28 18 74 -70 98 95 -82 89 -66 -100 -51 23 79 -48 -61 -2 -48 16 7 35 76 99 -92 -68 -23 89 -76 61 -64 19 78 21 -15 80 -57 70 -56
-87 -89 -66 -19 -52 -18 85 54 -21 91 -84 -62 -64 67 54 79 63 -52 91 29 40 -13 48 -69 4 -89 -94 -52 4 -16 10 -83 85 22 -29 -74 73 25 -71 39 -85 37 41 -57 64 -98 -65 5 35 76 -48 -28 55 77 50 -59 73 -19 5 -48 42 -45 -72 -22 -13 4 -3 -2 -81 -26 99 52 -44 -17 -6 2 87 10 -65 -55 -74 0 -94 -99 97 66 11 53 -58 -61 22 10 17 85 -60 44 -59 51 -8 -68
52 -74 94 -53 92 -37 -46 -43 31 -46 7 -46 -55 54 -35 -96 19 -32 -10 -83 -92 76 -78 -19 34 79 -9 97 -64 69 79 -81 -87 21 100 94 37 -48 29 -82 -54 -92 25 95 -72 -73 14 42 -82 -37 14 81 100 20 -43 -59 -80 -14 -74 48 25 96 -83 -48 -82 54 71 -46 96 76 100 -18 -64 77 52 16 -41 -56 51 88 61 -85 41 63 10 63 -20 -38 94 -99 -42 -86 87 100 45 52 60 69 49 -6
75 -95 -99 -36 -24 50 -66 -21 -64 79 -43 -15 50 -16 -44 -2 -57 -59 31 -10 -87 32 89 39 30 81 38 84 31 -36 61 -64 5 -46 63 64 51 42 -55 -36 57 24 43 27 -94 -71 -97 -13 -53 -68 16 -69 -4 -40 95 58 -98 47 -70 94 -43 -80 59 56 -25 -46 -45 4 64 -81 17 91 -75 -37 88 -86 -9 58 27 79 -63 -76 92 -90 -95 -31 -68 -32 40 19 87 67 -94 85 61 -20 98 -56 -95 -12
-65 -48 28 -37 -16 56 65 40 -46 -69 -77 -96 -27 14 6 -30 -79 32 -30 62 -58 -69 -63 -56 53 -8 -45 42 -74 -38 -34 -26 -70 -10 45 -89 -64 -55 -47 51 81 32 64 60 -95 88 -7 45 83 -5 -31 17 -1 7 38 -60 98 58 -12 -64 57 40 35 -3 60 -30 36 71 -2 -48 -13 -95 47 -84 82 -79 -7 8 -32 37 -88 -65 -71 10 24 67 -4 -68 93 63 -46 43 -72 46 67 -28 32 -47 28 -72
-35 47 -40 -35 66 -83 47 -13 3 -68 -52 91 -90 -98 -61 39 39 70 65 17 -44 -70 -6 -54 -9 63 68 -65 -45 -19 60 83 -37 96 45 97 -53 29 77 89 -51 64 95 38 80 -9 -97 3 8 50 42 -46 77 -30 1 -100 25 8 -69 -77 15 -70 -27 99 44 19 4 -95 -69 -3 -42 96 -63 -60 -66 -21 34 -69 61 -23 61 -6 72 -44 52 52 7 46 -35 95 -56 -12 71 66 96 -80 34 -84 71 67
-66 2 30 44 3 27 -55 49 -23 -71 -61 -90 30 -10 7 -31 58 -1 -86 18 -96 -45 -75 -40 92 76 -75 51 16 -60 -99 19 58 59 97 24 -24 55 -96 72 -78 3 97 -53 -19 -27 -74 86 -50 42 -34 -42 100 -96 52 64 50 80 69 12 -20 57 96 11 25 -73 -46 -95 84 86 -4 90 -91 21 34 90 -88 46 52 -21 -39 -11 66 -92 94 13 -97 -55 -96 -3 20 -98 61 75 -58 11 27 -19 59 -8
20 46 18 -31 -8 56 74 -96 75 -98 -99 -26 -100 -42 -76 -8 -18 89 -18 13 34 -67 -80 -3 70 -82 96 1 -63 17 -84 18 -52 85 -52 67 -80 -71 -51 57 96 96 -32 0 -24 -52 83 46 73 -78 24 47 66 29 -95 -12 55 23 20 -95 -47 -27 -75 -87 -17 9 73 -14 7 -35 81 -2 34 -21 -97 68 -22 -7 -72 3 -15 83 -25 -43 -46 51 -30 -41 -88 30 17 68 -15 36 -74 57 -53 7 26 70
-42 -100 19 -38 -47 -97 -21 -44 -81 73 31 37 27 34 32 -10 -27 21 57 -18 66 93 51 -46 63 -15 -58 -10 -42 18 44 17 44 89 13 -34 -9 -47 63 73 51 17 -70 3 26 30 -61 76 92 -33 50 66 43 -74 -99 -28 79 34 -64 90 -53 87 -65 -30 58 -72 -34 -46 -43 -8 -11 -38 65 -36 80 80 -8 -23 -66 11 -66 -53 -22 -75 4 -84 -84 83 70 -97 -100 28 33 57 73 80 -47 -60 -39 100
37 21 32 35 87 14 -99 26 4 21 75 40 48 -98 78 12 -96 -78 8 49 -32 47 93 -7 60 1 -52 95 -100 -6 -85 -93 -37 34 -49 -14 -43 51 -3 58 -50 -69 -27 70 1 88 -63 48 94 88 -85 -41 88 5 -5 -13 66 -94 -15 -56 -70 53 -43 66 -5 -81 17 -66 98 -25 55 60 43 8 22 19 30 31 -15 49 -69 39 -63 93 -29 33 34 -6 61 -58 93 -73 44 -11 -80 -73 40 -100 -45 -1
35 86 -18 -92 -23 -99 1 45 -95 -71 -73 -66 21 -60 -87 91 -46 28 -70 57 83 26 30 -10 -67 -63 -51 -60 -42 -40 43 -52 34 -6 -25 -67 68 -97 9 -3 -6 46 61 5 -67 47 7 30 50 60 -33 -5 69 2 57 -100 32 71 0 -62 6 2 -65 -80 89 98 73 -100 -100 68 -66 3 -32 41 -99 -91 34 -28 -92 6 22 74 83 33 -41 26 93 -89 -2 75 58 -35 78 -12 46 52 93 10 75 -27
23 -19 -9 -76 93 -78 -49 -90 9 69 -14 8 -88 -73 89 76 90 36 -74 15 -34 55 92 -38 -43 -61 -19 7 25 12 -81 -97 -6 11 -40 52 -60 -7 22 -13 68 46 41 -24 41 27 -98 -56 55 -19 -83 -22 11 -8 65 -14 -31 -10 -1 -58 93 -40 0 -100 55 -77 95 4 -79 -49 79 12 -77 -56 82 -4 -34 -62 -86 70 18 8 66 87 -91 98 -64 50 76 -98 -5 14 4 -32 -83 -54 -76 94 -86 38
35 63 -13 -67 -23 53 -83 -41 15 -68 -27 -13 32 -55 -15 12 -86 81 -60 54 -20 81 95 10 71 -39 -66 -29 60 24 59 -59 -44 -32 -93 -60 -75 3 -43 -45 64 -47 -59 -15 -92 -67 48 -66 44 -55 4 -96 38 94 8 -16 -80 59 -59 -82 -25 -99 -14 72 47 -33 35 -76 -17 -94 -1 0 22 89 32 -73 -87 40 33 5 33 56 79 45 -81 -7 5 -79 10 70 15 -99 -1 16 -19 66 64 15 43 47
-91 -22 17 -76 -76 -6 -39 -70 38 -70 52 60 -50 -16 -71 72 39 20 50 54 -54 23 -69 55 100 1 92 -5 48 -95 -14 -25 -28 -23 20 96 -25 -91 88 -45 53 -18 96 -16 -54 64 -42 -4 90 0 -59 -33 -97 35 45 -36 72 -63 64 -5 -11 56 -45 10 71 84 4 16 -88 -36 67 -38 -53 -93 -68 -66 -87 -99 52 -52 64 9 48 -48 89 73 62 -69 46 62 90 75 84 67 -70 80 -52 22 65 -1
20 31 84 -18 95 41 -26 -12 65 -27 -14 96 3 73 67 -22 -38 92 26 73 -24 -75 21 -75 10 -25 19 13 -29 -28 77 70 -85 9 -16 64 -10 96 -34 -47 -14 94 -76 -40 91 21 -39 -9 1 -12 91 -68 -14 95 -90 34 43 -72 78 -55 71 -84 76 69 -9 -98 9 -63 -53 1 26 87 -35 82 -29 -42 -50 82 74 76 85 -44 96 -15 -47 -71 -88 -27 34 85 -35 -71 -92 15 14 89 6 97 51 -39
-21 23 30 11 57 54 -82 96 -27 98 -69 -70 0 -43 -56 -75 48 9 62 -48 44 84 -65 31 -8 -16 37 27 57 76 -73 25 -40 -82 -29 -76 73 4 49 13 -55 34 -80 -41 -69 66 -63 27 -28 32 -72 -71 -9 -40 -36 -97 38 -85 -21 90 80 -75 -73 -43 -6 -33 91 -88 58 7 55 57 52 24 32 -18 11 -94 72 1 -46 28 -74 -40 83 72 -12 27 7 0 -81 12 61 22 92 72 -55 -60 76 53
36 -98 44 -19 -98 -6 -57 -32 3 -25 -98 24 31 -67 -83 52 -66 -75 -70 -35 -67 84 -80 -53 -19 -30 8 66 -54 -75 39 27 -87 -17 52 -12 -86 92 74 -91 28 55 11 8 -48 -81 -58 -17 50 2 45 -30 22 17 65 -3 -67 13 24 -14 -11 -45 -21 6 47 -93 99 54 -82 -9 19 -32 -46 -84 -79 -81 42 -85 1 37 -11 72 53 85 -32 93 -78 -85 43 72 -85 -96 27 -46 -19 85 -13 27 88 14
-51 -91 92 95 -82 34 -91 22 -2 -39 -68 -71 28 79 29 83 96 -34 75 -54 -18 24 97 85 57 -60 44 91 1 -15 9 -74 -69 37 -38 -65 -65 24 -91 28 -26 -30 -52 42 -80 -61 8 -65 -69 21 -5 84 72 79 -3 -29 -97 -63 38 -28 -19 35 -18 -14 17 -88 22 29 42 -15 -30 52 94 42 -25 61 33 86 -20 85 -69 71 -59 -40 33 89 -96 84 -38 -73 58 59 53 11 23 -52 13 7 -60 22
-20 -47 71 81 31 -53 55 84 77 -75 -18 -42 -41 95 -67 -38 -43 -99 4 -16 26 26 70 -31 32 -56 -75 -94 1 -60 84 -49 -36 -82 -62 19 -56 60 -25 -36 -88 -66 -83 -92 46 -91 -54 -23 -59 -14 -16 51 -19 -39 -13 99 -95 67 -42 89 45 20 -17 -70 71 60 -41 -32 -19 -81 -94 23 -14 96 78 -44 32 -40 -72 -76 -23 -28 -48 23 -12 34 -67 93 -9 37 -48 -26 -71 5 -35 -24 44 -59 -89 63
-52 58 -19 28 79 14 84 37 -68 88 -82 -50 89 43 -77 -73 30 93 -60 46 -6 15 51 91 28 -41 40 -4 54 54 40 -48 33 -47 -75 -70 -78 91 90 -43 13 -69 -59 7 -17 -60 57 52 -81 -90 -6 -87 -60 -51 -63 -58 19 -28 58 100 -40 72 88 -90 -7 -31 62 13 -65 -24 -71 -63 85 85 -36 -51 31 -54 -2 -84 -59 55 74 -1 80 36 57 -23 35 61 23 39 21 76 87 -91 -19 -46 -30 -87
98 81 -23 26 25 -32 0 57 -8 53 2 -48 40 100 -49 -49 20 43 -25 12 51 75 81 43 -98 -33 -63 -48 -76 -51 -58 84 85 -61 12 -84 18 70 -91 55 60 66 34 -22 38 54 1 -97 29 -11 9 55 -34 82 88 -51 49 -63 8 -37 -55 -51 81 -51 12 86 64 -16 40 -15 -36 -13 -11 -100 -11 -16 -55 36 50 27 -77 97 50 81 -13 -31 94 20 63 -88 99 -37 60 97 -50 41 -47 79 59 -3
-9 86 -31 -11 30 82 -20 -46 -66 50 -45 26 -55 75 88 4 -58 -78 52 13 100 72 61 30 3 64 27 68 -9 57 99 97 87 -75 -71 -11 24 79 69 -92 50 -32 -73 -61 13 -49 67 5 -30 27 -89 37 -77 21 -92 5 83 -4 -2 -26 91 -15 -88 31 -88 -8 -2 39 -32 -36 -63 -94 97 40 -5 -80 -25 61 72 -65 82 1 17 91 -68 -79 -45 -83 74 60 -58 2 56 93 -97 -63 -21 43 84 72
0 99 -39 31 18 29 99 34 55 25 -47 -33 90 -97 43 72 -10 -91 -74 -20 37 61 29 -25 -17 -58 -32 -91 27 -74 0 -51 75 -21 38 47 79 29 -13 46 -90 45 55 -24 -15 -56 65 -37 83 60 -40 26 76 -90 -50 2 -62 80 -80 57 -1 37 -73 -88 93 60 -71 86 -83 72 -3 -5 36 -46 -95 87 56 19 -90 7 1 -23 -96 33 59 -80 -40 11 -44 -12 -37 35 -26 -74 42 86 -68 -22 -3 -74
