3 70 -8 1 27 -78 51 60 34 43 88 -67 -40 -15 64 -2 -71 59 -99 -69 -57 13 23 7 27 9 82 -40 -25 83 23 -66 -72 -68 -16 82 82 42 -75 95 27 -88 64 37 -9 44 66 3 -59 -20 -1 25 32 -49 33 91 -45 -51 100 33 -33 4 29 62 -46 -65 -38 91 50 -71 46 14 -56 82 -65 -39 -53 26 -22 4 37 -25 -48 26 -73 -89 96 -49 69 60 -47 12 -83 31 18 -90 -98 30 82 52 -7 0 32 -72 81 86 -34 42 18 48 83 -3 32 -17 91 -35 -6 -68 -28 73 71 -80 -74 -25 -65 100 39 73 60 78 87 81 84 12 -34 47 -96 -4 27 -84 7 5 -1 52 -37 54 -31 4 4 -19
-22 100 -10 67 51 -68 -69 -41 60 -61 -77 -98 -26 22 -25 65 -43 -78 64 83 -83 -5 28 60 91 50 46 -65 38 -73 95 -84 39 82 75 -57 55 -47 -9 35 9 -23 59 36 -30 -48 -7 -48 21 65 3 21 -62 36 98 -47 17 -12 4 16 -28 -86 20 -53 98 21 27 -81 -92 -27 91 78 -78 83 100 -60 -78 31 -90 41 -62 9 61 -9 38 66 -3 -54 37 -14 -64 100 -37 -99 35 -87 -80 25 40 21 -9 85 28 44 -17 18 -70 -88 -74 -66 -67 30 89 -95 50 -31 -65 -59 16 -16 35 88 -14 69 2 24 -70 -6 -15 62 24 -17 98 35 -73 -2 -99 21 -31 -11 58 21 80 -33 12 78 -84 17 -73 12
-51 -60 76 42 3 -4 -65 93 29 -79 -33 -30 -63 -28 70 -72 -38 -67 -82 77 64 55 81 -21 -41 16 57 21 -4 -86 54 20 93 81 -19 -49 -5 57 71 15 -68 -54 55 52 -78 -41 98 -12 -20 0 75 75 -43 -70 -44 -93 -44 89 3 -47 39 -5 60 44 -99 78 -52 -74 -62 63 -36 89 74 12 -70 -18 8 64 -18 9 -100 -23 25 -50 39 13 -11 -40 -26 85 34 -32 -67 77 -36 61 63 30 -68 91 -25 69 -62 51 -42 -28 1 -13 11 -56 -13 -34 18 91 37 100 -33 69 -41 -53 -59 56 -8 -65 -68 23 9 -4 93 -17 71 -85 -8 -29 -61 -87 90 -67 66 2 94 -30 -8 -20 -30 -45 27 35 43 70
-19 56 55 -83 -99 -66 68 78 4 78 97 -48 64 -86 -45 -84 88 -75 40 18 4 -88 -95 68 31 -92 76 -70 58 33 -2 56 -96 -84 -27 88 57 37 -98 -24 -24 -93 -42 55 13 -69 52 89 -1 -59 75 92 13 39 79 -60 -71 -93 98 18 -18 38 35 13 -64 -38 72 21 -37 20 -62 56 34 -66 67 10 12 -46 -9 -97 9 -66 -33 -54 -40 -34 74 -22 44 -86 -55 -53 -81 19 78 -73 95 -52 55 -81 28 89 -80 84 74 -47 -100 8 -35 23 22 -92 81 -21 54 29 55 -66 -4 15 53 -39 -48 -81 15 -87 -57 79 71 -54 6 47 3 -3 -42 80 -36 -87 72 -13 27 -74 -87 2 97 -70 19 63 34 74
-30 35 78 -56 -61 -38 52 -59 89 62 -87 2 -91 -16 -59 -76 -46 -12 -68 32 -89 36 59 38 88 58 35 -76 87 -11 -55 22 -96 -73 -25 -44 -15 10 49 50 56 41 -85 -78 42 41 -14 -5 -4 71 7 -93 91 41 -54 94 -45 16 -74 100 -55 46 21 41 -43 61 81 -40 -7 8 -25 -53 -18 96 89 44 -4 2 -8 91 34 -5 -46 12 34 -48 70 95 -2 -11 80 -81 10 24 31 2 83 100 12 -42 61 37 57 -99 95 98 -54 8 -38 -49 -38 -19 -82 -66 35 22 94 17 -25 66 -4 15 90 56 -46 -3 -99 -12 -84 95 -4 42 -19 -86 -60 86 2 -98 29 63 70 -47 -23 -87 30 -67 38 -71 -95 -13
-23 -99 -22 -82 -15 -26 -20 24 -68 -55 61 -51 -35 -18 5 -35 52 35 -87 -50 84 51 -49 21 -18 -12 -55 94 -84 -10 61 71 17 93 -69 -81 -31 -42 90 -68 10 100 -3 -59 26 -88 -28 -8 -47 26 -8 83 17 41 -54 32 -88 -7 14 91 -92 92 -28 19 -98 16 -18 17 81 52 -73 -96 91 -20 59 33 40 26 90 88 3 -100 -27 -98 6 47 -45 -9 30 19 -42 8 -54 49 100 68 58 66 51 24 -32 -22 42 76 23 -19 -71 -51 91 -87 -32 -3 -57 56 -38 72 -68 -52 -91 20 80 -39 23 -10 -72 84 -80 -20 -82 -44 -31 63 -29 -58 68 71 -60 -47 -48 71 71 82 71 92 25 -9 19 53 67 99
-39 -37 -48 80 92 -26 -15 13 -5 -98 -45 14 -28 -29 98 83 -3 31 50 11 -13 -59 -25 49 98 32 -1 -32 41 63 26 85 18 -84 -12 -65 -25 -73 -50 51 -72 -46 -71 -42 -11 47 -75 0 -40 17 91 -88 -30 -45 10 -90 62 -67 -92 9 -69 -6 76 9 -64 60 46 74 64 17 7 92 -55 26 10 72 -27 -32 -7 -28 8 64 75 95 41 -97 75 71 -29 33 61 -47 -21 -93 -5 7 33 2 30 -11 -86 -28 -27 69 70 -25 29 17 33 -30 -16 -58 19 -60 0 -12 -68 -89 -65 29 22 73 -52 2 -26 77 83 59 -46 -3 -12 47 29 33 4 -64 -80 -65 51 42 -58 57 22 -4 -18 -10 74 -30 29 -50
-59 -88 61 67 -92 -10 65 60 29 -39 54 61 -7 -81 -36 -55 77 85 -55 -22 -49 -31 -100 75 -1 -37 -48 -92 -17 -53 -21 -77 -93 80 87 -11 -12 2 -51 -60 83 28 -11 44 8 -22 51 -59 -46 48 -47 -44 63 46 69 -67 -89 -26 11 -32 -72 15 65 -84 -16 -5 20 62 -17 60 47 -30 -10 -74 1 91 18 68 47 60 8 -37 -76 -69 -92 58 7 42 6 59 9 -8 -12 15 -48 12 84 -16 57 70 -85 -98 52 28 15 22 28 -1 50 40 72 95 34 66 7 85 50 -60 -93 32 66 -94 -74 23 -43 -11 -14 31 -40 34 -90 -53 47 9 68 -39 -29 68 -35 9 -95 -8 -62 -60 40 -28 56 28 -33 27
61 -49 32 -82 -56 -15 64 -95 -72 39 -82 -69 11 68 -76 -12 -51 -68 -46 -84 -36 -66 -89 85 -15 81 62 -30 4 -15 -52 92 -31 59 -20 -51 -61 -28 -53 -54 5 44 11 -25 -4 37 55 40 7 -69 18 -9 -34 52 85 94 86 55 11 -38 53 -93 -73 35 58 40 21 -36 1 -66 98 -42 41 18 -48 -51 -12 93 68 58 -46 79 -3 -71 -23 0 81 100 -75 -14 64 -45 78 -37 1 -78 99 -22 26 23 75 46 -91 -45 -75 52 -4 32 -28 -8 -76 -59 -66 -88 -49 -99 80 2 -44 34 -54 97 -41 -49 100 -56 94 60 -37 99 100 -18 34 -47 60 -13 0 -34 13 -93 24 -14 96 -85 27 98 -62 -80 -58 -57
-80 -72 15 44 -60 -75 73 95 79 -79 91 33 34 -38 19 13 -97 -82 20 -65 -18 15 -58 -29 23 -58 -7 75 51 47 17 93 -26 70 -13 62 -78 41 -37 -58 -45 93 96 -70 -73 -67 54 77 48 80 43 70 -27 7 92 -53 -21 44 16 57 -87 73 23 -62 50 -21 -96 35 36 -39 22 -11 88 -59 85 -79 -60 70 -95 60 80 12 3 -57 -87 -100 -14 52 23 -46 57 18 39 0 62 -98 7 -90 35 18 37 -34 37 -16 -17 68 7 42 -62 -9 -25 -13 -89 26 65 95 -75 -98 38 63 9 53 -74 6 74 37 30 -1 -43 -56 -10 66 17 48 -89 -91 92 73 45 -27 -65 43 -6 73 88 -56 53 99 -35 -76
57 90 48 3 -2 38 84 -68 -30 -89 -69 -1 37 3 -1 32 90 20 -66 43 -57 20 67 -61 -45 -66 -55 -88 79 34 -92 5 -14 -87 -57 -3 49 83 3 -12 29 12 -77 -66 -32 77 26 -86 -64 32 -16 -8 77 13 22 -54 -45 95 -12 -83 28 32 59 62 90 -24 42 4 -13 -57 -44 35 41 66 11 -35 98 -32 -99 49 -11 43 88 -46 -28 1 32 18 -1 -63 -7 -60 24 82 -84 -93 83 67 24 61 16 -33 98 -16 1 -82 -93 -61 59 -56 87 92 90 -31 36 73 33 -50 -61 -4 -45 92 -76 48 -27 -100 1 -22 -76 71 50 -24 -26 -98 17 -12 -66 -83 -55 89 95 -51 81 -58 32 -75 52 46 27 -93
48 -41 -41 19 75 -1 -94 80 -49 36 57 92 19 55 32 -3 67 98 41 85 -52 -42 -91 -25 61 72 96 6 -56 -98 -59 13 -26 70 -45 99 -73 56 -96 47 39 -84 42 82 -66 -43 -20 -87 48 91 87 -16 -97 -28 -73 51 84 78 -76 -91 -84 -24 42 -74 70 7 -49 -96 -75 -83 46 22 -35 -87 -11 -78 -82 46 -63 -78 -77 18 -74 40 -63 68 52 -73 14 2 -5 -90 75 -26 33 81 9 3 60 43 25 10 76 -66 79 26 19 -37 4 -10 -12 92 74 86 29 85 -94 -81 -51 -69 -9 49 -14 73 91 -1 99 51 90 -68 53 -37 17 -96 -85 17 77 -3 90 28 -14 -14 -26 -67 47 5 28 60 -68 -86
35 -87 -54 -31 -40 84 13 54 -92 -53 -45 86 72 -13 19 7 -32 4 82 -66 -69 85 -55 -46 -27 -49 42 30 -7 24 -3 19 -52 -48 -9 98 -73 -64 -34 63 92 19 23 63 68 -22 24 93 -100 -100 -53 28 -3 11 -42 -98 -43 56 29 -63 49 -28 -26 -58 -63 64 -9 84 -91 71 -38 72 -69 40 -67 34 -56 50 -23 -62 -45 -54 -69 13 -25 13 4 63 6 -84 100 98 -44 61 -4 -82 88 -22 -7 57 -17 -33 31 8 16 45 -94 -14 -26 72 86 -63 66 18 -14 -30 -97 -88 -13 10 3 -68 -22 -81 -77 39 -100 33 -69 -80 29 51 -70 81 59 46 63 82 46 6 -66 93 -6 -84 72 84 -88 -87 -8 48
48 -93 37 63 -49 65 -92 13 29 1 -41 -51 40 -9 16 21 -4 -78 41 -90 -41 42 29 -62 -100 -25 22 83 13 27 -77 -41 90 -70 -10 8 -55 -71 -69 -78 2 49 83 -59 11 -14 73 -10 50 57 74 -46 -98 -36 61 -69 -2 82 -33 -64 -66 -34 36 -71 0 22 54 -10 70 -84 -7 -18 75 -63 99 -3 -63 -48 55 33 -86 79 -52 76 63 26 -54 14 -87 67 -28 -55 85 -62 56 -80 92 45 17 -85 -46 -96 -40 -51 -78 -90 23 21 86 -99 46 20 -91 100 -69 -44 32 -37 91 54 -22 -57 -48 100 71 -50 42 25 63 9 -8 92 -63 66 -75 -69 -60 64 64 60 83 46 25 41 -55 -15 58 -34 20 88
21 83 34 -75 -11 49 -28 13 -91 34 -56 42 90 -86 62 13 83 -73 -60 -15 -68 47 -61 -18 -2 -29 -26 -53 -90 -14 17 78 -5 41 72 -83 55 10 -22 89 -71 11 49 -20 78 80 -54 61 -58 -32 34 8 -2 75 15 15 2 47 65 63 2 85 5 19 61 37 -24 -58 53 -44 26 -56 80 100 5 -88 11 -87 84 -9 17 13 -68 26 21 39 63 3 -71 -66 -31 30 -60 -6 -4 -16 -9 10 8 11 78 50 -51 -62 3 56 -99 -17 8 -42 -100 -28 -37 36 76 -65 -60 72 81 -31 -46 24 -85 6 -85 -28 22 -37 -71 12 71 -54 68 3 -17 91 -10 54 -81 -21 17 37 -6 -69 -100 7 44 65 14 27
27 82 -15 -92 -82 100 -65 83 60 79 -8 -48 43 94 91 -41 61 -33 92 0 -8 -39 31 43 27 -66 -70 -72 -92 -82 -3 87 98 -38 9 -23 -89 -55 74 -73 95 3 -8 54 33 94 -31 37 -82 32 71 4 66 -8 98 15 -64 80 -15 -12 4 -64 6 -11 37 50 -2 68 28 -85 59 44 49 85 -46 50 65 48 -61 3 9 72 -64 -26 87 -34 -41 68 -76 63 -83 56 68 -13 36 -74 44 56 -38 23 96 -35 -36 -77 -76 0 72 -36 -92 -15 56 31 11 54 13 89 48 -48 50 -34 -57 75 40 -98 -99 86 1 -15 -8 46 -62 29 41 65 12 -74 -64 54 -56 -41 36 -49 -54 33 -94 60 -84 50 -55 97
-47 9 12 -99 60 -47 73 -4 -93 -5 -63 36 -34 32 12 -10 6 -94 80 49 32 -5 66 14 -56 36 76 -46 12 84 -95 29 16 -97 97 -96 -95 82 63 -47 63 -79 -29 -100 39 33 13 29 -72 -88 50 -60 38 53 23 -87 -97 -61 60 47 14 -78 -84 100 -64 -79 8 12 -15 3 71 -49 27 74 46 -79 1 -97 -62 -30 44 82 -88 98 88 -14 20 61 -7 44 -40 44 -50 -30 75 35 -43 -56 -76 -31 47 -50 40 -77 -36 68 58 1 10 10 97 -34 94 86 35 33 17 95 96 8 40 8 92 -76 -27 53 41 -55 18 80 50 -5 43 8 11 20 -65 -98 -2 -93 -26 79 18 -20 95 -1 -90 -90 -60 46
3 -29 75 11 79 -78 -72 6 -80 -34 -53 -17 -88 88 44 -23 94 -31 -56 98 91 -68 42 17 -88 -71 -95 -6 -97 -41 -48 39 -30 -60 33 -21 -100 -72 9 -98 -30 78 -8 79 -5 60 89 -40 -17 0 49 -34 -57 86 -63 33 -82 89 -34 -5 21 18 -51 6 -75 33 47 25 25 86 -72 11 55 53 22 -67 43 -67 -76 -97 -25 2 -87 -37 4 72 -20 -79 92 97 75 -13 83 -91 -87 28 53 -65 35 -79 18 67 45 -31 3 -21 -10 -92 -36 29 -39 -60 34 53 -32 -69 12 -39 -35 -78 -66 39 -45 40 -44 74 7 74 76 83 72 75 30 85 -48 -56 -62 -100 53 32 -53 -41 80 24 59 -63 -89 -95 25 89
84 71 -92 42 22 -79 -1 8 -35 -37 -35 96 32 -56 -53 -45 -13 -71 60 10 50 97 55 -10 91 63 -92 6 -84 83 79 80 -99 97 95 54 -58 -32 -97 -70 9 14 -28 88 -62 4 -92 76 32 31 98 28 -60 -33 50 -38 65 14 -8 94 -20 18 -34 28 -74 48 75 49 -55 59 79 42 44 -87 -14 72 -66 32 25 75 8 95 68 -51 67 -58 -79 -34 -3 61 85 -46 12 86 -12 69 -45 -13 8 5 31 -49 33 -75 13 88 96 -20 75 -63 11 -95 44 77 -48 91 68 63 24 -55 -4 -48 -59 -54 100 12 9 94 80 -30 40 -80 -60 -77 -75 94 -36 -82 3 73 -43 -91 -31 59 -96 27 -36 48 -33 -96
-22 26 -57 3 -10 9 -14 -29 -100 -16 52 -94 53 -46 -33 26 -48 -37 -46 -1 -59 -90 75 58 12 33 -34 -7 79 50 79 -96 23 16 -88 -56 72 56 -44 15 35 40 34 -62 88 -11 -12 66 51 -21 74 13 -21 19 18 -65 -49 -36 53 -86 -3 38 34 -88 55 8 -30 26 -7 -42 -38 -18 -79 81 -47 -16 -86 -67 17 72 -91 51 66 -36 71 99 26 -77 -78 84 26 -25 97 -99 82 -38 -7 -16 -63 55 71 30 5 68 -46 -74 -39 62 -64 41 -25 93 -13 -15 -45 90 50 -99 54 -52 3 -39 66 -12 24 -30 -13 82 85 -62 -36 -45 31 -28 -67 -63 31 -64 3 18 10 -72 -78 12 70 3 9 21 37 -23
-21 -41 69 58 76 -83 -3 71 64 89 39 1 68 -8 -64 10 99 69 -63 -84 5 57 68 -60 -45 62 78 5 -9 -38 10 84 -45 7 78 16 14 -98 -81 3 -17 -87 75 -77 4 -10 51 -97 63 10 -89 54 -52 -39 -22 -77 -11 -4 37 34 3 59 66 94 69 17 -66 86 48 19 33 63 -99 -74 1 -38 79 -55 8 -8 -50 -52 -85 -80 20 -27 36 80 93 -15 -47 -82 -7 -41 4 96 -73 51 74 -49 27 -92 -17 80 -91 83 59 95 1 69 41 74 58 21 47 -91 3 -80 -74 -46 37 73 -60 -60 29 6 -29 -41 -5 72 15 -85 93 -64 33 -73 -31 80 93 4 22 64 -24 96 100 71 13 -18 51 59
57 92 13 8 -33 -24 99 92 61 -45 -49 -47 -21 -69 -35 71 -32 -40 14 -18 33 19 15 80 31 -25 -31 18 26 45 -28 -82 -91 -97 4 -21 5 -51 -72 -71 -30 67 -84 -22 91 -3 1 -51 55 -43 59 -72 95 24 -79 -34 -31 24 -99 -68 -55 -65 49 -64 76 -41 85 -65 81 6 66 -58 -92 60 -35 1 -2 -80 -60 92 -81 -73 74 -30 -67 27 41 -27 56 20 22 3 -53 -34 3 -68 -100 -62 23 -42 -79 -19 22 22 89 -78 80 33 -9 -69 -60 27 -13 54 89 98 11 -15 39 89 -76 88 -70 50 -17 32 -36 -98 70 -22 -3 -25 -92 -8 -66 29 12 -31 -37 -49 -81 53 -23 -90 -7 -54 63 -72 -76 -73
-57 48 -62 -64 -2 -30 -6 -79 37 -77 -53 87 -35 -49 -15 20 -43 -56 5 -63 -36 40 60 -8 -88 -86 -61 -24 -5 -65 17 -18 39 66 -96 10 -7 -7 -54 -10 66 38 -99 47 99 -32 11 -21 64 26 -41 10 42 65 20 -73 -83 -66 -6 69 -5 74 81 -24 73 -30 84 93 26 -73 52 77 72 57 -77 -30 38 31 79 52 -96 -63 -60 51 -16 -35 84 -32 -54 -46 21 63 63 -64 31 32 -41 -97 -42 54 85 31 13 -74 31 -79 -45 32 95 51 100 -64 -90 -62 -29 -100 25 70 -49 -39 57 76 82 -32 -75 -33 -80 74 -87 -31 18 19 9 85 50 88 -4 18 -38 71 -7 -81 95 5 99 7 -27 14 82 -89
80 21 -32 -11 -38 30 12 -99 -88 19 -15 30 -56 -69 -20 -45 33 -30 35 29 -13 4 80 40 -21 13 -19 50 64 -47 -20 59 -27 -14 -65 100 77 -30 -15 58 37 16 42 92 41 -51 17 74 -2 -36 -89 0 -30 80 34 88 70 35 46 8 59 -38 25 70 -52 -8 11 38 41 18 -13 39 -70 46 -35 24 -1 82 -11 97 -94 83 -78 77 -92 -65 -63 86 -95 -1 -95 -15 68 -12 -89 -54 87 96 73 -61 40 67 85 -37 -26 -29 -22 -65 -10 -52 -71 -21 35 96 -5 24 -45 87 60 44 11 13 -81 -78 -43 -66 -99 -75 6 -75 85 -12 -53 -70 19 -70 52 -57 -30 40 -3 -18 -14 -3 -88 85 87 35 -54 -24
-35 -27 44 81 -97 -50 -52 -7 91 -58 24 79 -8 -96 82 -70 81 41 -11 37 -92 -43 -39 -38 -8 -25 -89 63 -97 -47 -61 -29 39 91 81 10 -22 39 88 86 24 58 -89 -65 -65 -7 -77 -49 -64 37 -54 -99 98 64 86 4 -26 -44 74 -84 22 -87 -91 80 59 90 51 -85 -28 54 -56 -10 -12 8 55 39 23 26 43 30 53 -12 -52 -3 18 96 -23 -12 84 -97 47 18 -77 -76 88 38 -24 -62 -92 46 -58 -42 -34 -88 -61 -96 33 55 -65 -90 -23 86 54 -32 34 -84 -57 32 78 31 -22 90 60 -61 95 18 -52 53 55 57 -31 80 9 -10 -35 27 -16 83 39 -24 -95 5 3 -68 77 20 -54 -16 60 -8
29 34 4 86 2 74 -61 67 -12 48 46 2 -10 61 80 57 7 12 -73 83 -79 33 40 -62 2 4 14 -8 57 -16 8 33 -47 17 84 28 -88 69 15 26 -50 10 40 64 -100 90 -29 12 -21 -54 63 -86 -90 27 -14 -38 38 7 59 -77 87 66 -92 69 -71 37 -53 -28 40 -10 -36 16 25 -7 87 28 -31 36 94 91 -37 -45 -69 -62 -65 -48 73 54 11 63 -4 96 20 -39 -38 -44 -91 -90 75 -23 41 -23 36 -81 -46 -34 -31 -6 -21 -49 25 87 -95 -84 -90 -4 -2 80 -77 73 -69 -23 -48 21 -41 -54 96 -36 26 -5 -29 68 52 -51 94 -19 23 64 97 -62 -56 -30 22 88 74 97 -64 -55 65 -17
75 97 84 -93 -86 -46 0 85 6 -50 1 31 85 -52 -54 -82 -6 33 -55 56 -68 -58 78 58 -50 -23 -59 -98 87 -29 -75 54 88 10 55 16 -93 42 -56 20 -90 -56 -51 91 57 48 -59 72 97 42 11 71 29 -64 -17 -47 97 55 -63 87 76 3 45 26 -78 -13 -46 -30 27 -34 2 -15 39 67 100 -2 39 -12 -26 39 -69 -45 -28 -39 3 87 21 -64 50 -2 -69 -18 -61 -91 40 14 -2 -49 43 30 -71 62 62 -26 -70 18 -74 -29 79 -6 33 41 77 -5 51 28 -75 52 -53 3 18 81 78 -48 -98 26 -74 -93 -34 12 1 -43 47 79 36 -66 -61 -64 -8 34 -68 40 -91 -92 -20 20 28 -64 7 -27
-37 91 -68 -51 -85 94 66 54 -68 -65 -36 84 -31 70 82 68 78 36 15 51 -86 98 -22 -72 -27 -46 53 61 95 15 -87 -61 40 60 77 -83 75 -90 -58 -88 35 -72 -27 -85 39 88 -4 62 -68 -8 -60 3 -31 -18 -16 95 -21 -56 -50 -42 -15 57 77 81 -65 -31 -53 -51 91 -84 -39 13 -7 -69 -86 -53 9 -34 -100 -53 0 -64 -97 -49 -44 -57 67 -42 6 -82 38 -7 -60 -99 95 -39 -72 -35 99 -21 -9 72 -97 -43 23 -18 33 69 -70 -39 81 -2 69 -91 37 -74 -99 39 -14 -7 -1 59 38 40 -14 64 -37 -25 29 -88 26 60 61 -47 10 35 93 -63 -46 40 -79 -24 -11 21 -24 28 -60 57 -82 61
-48 -43 -66 82 20 -55 -47 -87 -50 35 24 -24 -44 -17 -89 -96 25 -16 20 96 14 25 -62 28 -81 45 -57 -29 57 30 -65 90 -82 96 -66 -35 -49 34 19 31 35 -100 53 -96 -3 -30 20 -54 42 23 17 -34 91 89 -11 71 67 38 37 75 39 3 -5 33 20 27 20 18 9 65 82 21 100 17 89 -27 -88 2 16 62 -56 27 1 67 -12 -92 75 45 -6 13 -5 -60 -81 41 -78 -21 75 -55 65 88 9 -23 -99 -44 -33 99 98 83 21 -85 22 -2 54 -71 81 -65 -72 23 51 -61 79 13 -59 55 27 -57 1 -44 -76 -29 45 30 -86 53 53 74 98 -35 -28 14 47 37 58 -41 -16 55 81 14 -68 72
-87 15 -36 -96 -23 -2 -18 -32 -62 61 -82 -46 11 84 82 56 -88 -14 100 36 -78 88 -82 -8 -46 -63 -71 93 -87 11 -45 -75 97 89 -100 74 -13 -3 88 79 -40 23 -34 67 -91 -32 -86 -11 6 27 -40 -90 94 92 67 61 89 -57 25 -16 58 65 -11 -88 23 98 14 57 -66 -95 -43 74 -26 -98 -36 8 -74 -57 24 -95 -27 23 -64 -83 86 -95 -50 2 -75 15 100 81 10 84 67 48 82 22 -3 -73 -68 88 -78 -32 47 17 7 32 -20 66 -60 -100 73 25 -83 69 32 -46 65 -28 19 68 68 -23 -40 -39 -68 87 -32 -86 -10 -59 25 -68 6 18 -57 38 -30 55 84 31 -57 -84 -83 -20 -98 -74 97 -50
-84 -81 93 -88 46 65 -55 65 -55 3 79 -52 28 95 53 -88 81 -57 -91 -7 -87 -69 21 3 39 16 -30 -56 93 2 80 91 -84 64 -52 25 -74 77 49 -93 -40 -35 -35 13 52 -25 -54 25 71 90 28 -35 -23 -66 86 75 -59 -75 45 -10 -81 16 5 69 36 -10 -44 -64 86 -12 -48 49 -42 73 -33 -4 -44 -27 77 -91 -6 -46 -78 23 80 88 -99 8 -40 63 -57 -28 74 44 -82 -3 -6 55 -49 1 35 -65 67 -33 -61 9 -48 -17 -23 54 54 -25 -52 -98 -13 92 2 -87 7 99 -12 -27 39 -25 -20 60 -13 -29 -91 42 73 4 -44 100 -1 56 -8 31 96 93 -38 93 -50 65 -28 59 92 85 -97 -28
69 -94 -65 1 -90 -63 20 -68 -94 -64 32 -53 69 69 -76 59 -59 -76 -99 -37 -88 -33 -89 -94 42 1 34 25 -65 -81 -13 -37 41 -93 -10 81 -13 -57 -89 30 -89 43 82 -96 -7 10 36 33 -54 -83 -80 -3 95 -56 -18 -15 44 14 65 27 55 -83 -34 -58 27 -90 -16 -28 -85 -39 4 -3 -42 -68 25 -42 -61 0 31 -77 53 41 -2 -69 78 -77 12 65 69 30 -97 26 62 -37 31 24 -48 27 77 -53 -72 -23 -53 -70 -37 86 -25 46 2 14 94 -100 11 34 -5 32 99 91 13 94 6 -19 -85 -37 99 -16 -51 -78 -30 -92 77 -97 -63 -87 -30 -84 37 -14 32 -32 11 -79 -42 -37 69 58 -35 -27 -60 42
-80 31 84 -82 25 4 74 -22 37 -79 24 57 9 65 39 -16 49 -94 -60 -44 95 -48 -2 93 -45 -8 72 82 -23 59 -89 -88 85 -3 -71 -53 100 28 -42 -37 -21 95 -10 -82 -46 63 -20 75 -5 -18 -24 -3 -99 -48 10 51 23 -25 4 -29 44 -15 85 -74 13 -25 -88 -87 -58 -49 -26 61 25 98 39 -32 5 92 -72 6 75 94 -30 -38 -68 -91 47 58 53 -18 28 -55 78 68 60 -5 31 42 42 73 -93 24 99 -29 76 -81 82 42 57 -37 6 -43 73 -76 -68 86 -22 93 81 -66 -69 5 52 -56 -82 -67 9 -20 -100 -80 12 -19 52 3 -52 -48 78 -58 -11 -5 -95 81 -56 -11 84 -51 -92 -57 18 46
47 -70 72 3 -5 27 66 -23 -59 -6 65 31 -45 24 -50 -63 84 -83 -83 97 15 60 -11 -8 -94 51 29 57 -16 -39 -34 81 93 -67 -29 39 0 10 69 -45 -59 -57 22 -69 18 20 -76 67 -53 -4 67 -23 35 -15 84 9 96 -71 -61 -88 -32 -78 -43 -12 -22 -69 -78 65 -95 -16 43 77 75 80 52 96 -74 33 -33 29 0 70 -3 59 -17 61 94 11 -88 -95 -35 21 93 74 -65 56 32 -85 -58 -21 -78 22 89 -61 -16 -1 29 60 55 2 -83 -60 37 -31 90 -20 -89 37 31 2 -76 -97 -23 -7 48 88 -84 -35 -58 76 -76 15 73 26 -24 -15 -83 16 -3 -92 -9 40 -26 -93 -77 -10 -59 89 95 -92
-51 64 -16 63 -77 18 -74 15 -25 -95 -14 36 39 34 32 57 -56 33 96 72 -87 -83 -46 -75 0 -44 -49 -37 -64 -83 29 34 97 1 77 -67 31 -76 -74 93 -74 -84 53 20 -10 -83 -15 -12 13 -80 46 -40 -96 22 72 -12 41 -71 55 49 -4 88 8 94 -78 34 44 29 71 68 79 -84 -56 48 -75 -18 -85 54 18 70 -2 -74 -56 -81 72 -97 -31 36 -18 85 74 28 -74 13 -42 95 65 93 -78 -42 69 -23 85 -81 -2 -70 -22 31 45 -7 41 65 -70 100 70 42 23 49 -42 31 -90 -65 21 -98 -77 53 75 69 86 67 26 -59 94 -10 33 -98 46 -70 0 -78 99 3 -92 66 9 82 43 27 -33 -47
84 25 -45 -100 -74 62 90 46 -92 13 -45 34 -62 -39 -50 76 -56 -74 58 -74 -47 47 -61 -23 80 31 54 98 30 -91 -46 52 -2 -32 -89 -60 -18 83 40 77 59 -49 -12 -57 -13 91 46 -5 55 -57 -60 73 -67 78 89 32 -67 -60 69 51 -39 98 34 -23 -48 -59 86 -25 -26 89 98 63 -52 -41 45 -65 57 93 -36 -87 43 -14 63 40 -18 0 -10 41 -22 65 51 5 91 -38 0 7 56 -53 -24 -73 -77 0 -86 -66 -90 79 69 81 95 -27 -63 -85 36 -66 11 43 -34 75 48 43 80 36 59 33 53 -33 14 85 72 -65 34 60 -81 0 -78 90 -99 10 -49 -12 25 -52 -88 -39 90 -93 10 -43 89 35
43 38 75 0 -27 11 -5 -41 41 13 -62 -49 44 -20 -90 20 56 39 -44 -33 -48 -85 34 31 -21 -69 -4 90 -29 51 72 80 29 -22 -62 -27 -87 7 77 -94 -57 72 47 -4 82 78 0 24 72 -5 90 -51 -63 70 -44 -84 -33 19 -47 -65 70 -18 4 58 -93 -89 33 20 -72 -21 -88 -71 37 23 6 -32 40 -62 -62 59 46 0 1 -47 36 51 -22 -93 -79 -10 -50 -39 74 -28 41 40 -24 0 -16 31 63 -58 24 25 -76 -13 14 96 -46 -51 -9 -89 -60 91 17 64 -37 4 94 52 20 87 -67 -80 -32 -4 -46 -63 -26 -38 -71 -5 -6 -55 4 94 -89 -64 70 -12 92 -65 60 -10 3 79 -51 -20 96 49
-53 -55 98 14 50 -4 88 11 -2 -28 -67 -76 54 36 58 -47 -64 26 -37 -30 47 53 -27 29 -15 -76 -97 61 98 38 -65 97 -12 -85 -63 94 46 -40 36 77 -63 42 -76 42 40 0 -14 21 -48 -31 -45 -45 88 38 -81 54 -96 -37 48 74 98 80 -1 76 35 -58 -5 56 -68 -59 -98 20 72 52 52 -29 99 -82 96 -74 25 7 10 80 -19 44 2 22 -95 -27 -26 3 63 -36 -25 77 47 71 -60 -52 -91 24 11 -63 49 56 -34 40 -18 -51 88 -74 74 5 40 76 2 -10 38 -93 57 61 11 -80 -95 -80 80 -73 -46 -20 49 -3 27 -95 -68 -81 -82 -92 -86 -18 45 3 -67 -55 20 -3 -81 38 -76 71
-99 -42 -92 -73 -11 47 83 -27 -7 50 -34 66 64 51 14 94 66 14 22 -5 15 98 86 -88 1 -18 63 -65 87 -31 -8 -6 11 -34 -35 1 22 80 -97 86 71 -5 25 -98 -32 23 -98 48 -6 -4 -71 35 -43 20 66 -60 73 30 70 95 -13 2 67 65 -19 -24 84 -23 43 -88 97 -78 -13 -21 48 29 55 61 38 -14 -27 -86 -72 44 9 -51 -14 15 11 -37 70 -40 -73 39 19 -50 -83 -40 12 -23 -94 -95 -17 -53 5 100 -90 29 -81 -40 89 -21 6 68 27 -30 -57 -96 10 -20 79 9 2 -39 -92 58 -48 19 -40 -97 -57 78 36 -45 -77 71 -59 25 -23 87 39 33 -70 32 21 -5 -4 12 53 -33
68 -54 21 14 -53 97 86 76 96 15 -91 78 3 -60 -77 -100 8 97 66 -89 38 89 -24 -23 58 -39 6 79 40 -52 40 -91 36 8 -71 -87 0 -69 72 -14 -60 -21 -5 -1 -42 97 -46 95 12 24 -70 31 -80 -13 63 33 48 8 71 13 92 21 -46 -63 71 -94 -47 -52 -65 46 0 -74 -20 74 -90 91 -76 66 66 57 13 -46 -74 -95 58 -34 -30 -45 64 43 -97 100 96 -87 59 -44 2 12 -38 -57 -63 -65 88 -85 27 24 30 -16 49 50 98 98 -41 -42 -4 17 99 82 -81 -97 -52 40 56 54 -16 7 -77 -69 87 22 99 -98 -40 32 -97 -53 -100 -30 -90 -83 96 -29 -17 8 -5 -43 39 43 -81 -18
66 59 -35 -32 -77 -10 68 -79 38 -74 -4 -53 95 56 81 35 -38 59 65 -1 87 83 61 57 -80 -97 23 62 -24 18 22 32 -45 74 -13 -79 -1 -50 3 -76 17 88 -66 3 71 78 8 -83 28 17 21 -68 -92 -63 24 96 -86 99 -23 -82 -71 -38 -41 -68 -10 90 6 -5 47 99 -46 -86 21 -93 -44 -90 -46 59 17 -43 -74 -100 -63 3 -55 8 -76 82 22 74 -23 2 10 -32 -41 60 -29 32 99 33 -95 -42 20 6 -11 47 50 -31 4 -71 2 -45 92 95 -38 29 -75 2 -16 -22 78 86 77 21 -55 -35 79 -48 30 -89 -27 3 87 -13 72 81 -61 -64 -42 2 71 79 31 -3 61 69 -56 61 3 -60
100 -32 -42 53 92 75 -27 -80 -82 25 -52 -66 -65 67 76 95 -19 -69 -22 77 -49 -6 -7 37 91 39 43 73 57 -15 -72 59 0 84 -94 100 58 -90 38 -86 87 24 98 -26 9 29 -89 48 24 -23 -12 51 -93 79 -25 -22 -83 33 -100 58 -60 24 33 -81 76 88 -36 1 44 -25 44 55 -28 -65 78 67 -79 -9 -41 -9 -11 -65 50 29 35 26 -4 -69 58 -85 -73 15 89 -59 37 28 13 -2 26 -7 37 59 -38 16 -5 -18 -7 41 42 90 -51 -94 -49 0 11 43 62 -46 -99 54 59 3 16 29 -64 72 -48 -82 26 31 -58 24 0 84 50 62 92 15 -78 5 -20 32 56 -56 4 -44 52 84 15 55
-20 -72 37 -82 -61 -31 45 86 -6 -88 -32 21 -48 -13 -37 -98 -53 75 -87 91 12 -15 92 -79 56 50 56 68 -76 5 71 95 79 61 0 -23 -92 -62 93 -9 38 11 60 98 61 -90 22 -29 -69 -72 -28 -91 97 50 -3 -81 -30 90 -22 -73 -5 -85 -6 -27 58 -19 38 9 -24 -9 87 -19 -18 -11 -4 40 57 1 -32 4 -5 -95 -92 31 15 65 -12 85 92 -48 -37 -36 -58 -50 92 100 40 74 60 46 -13 86 64 -97 19 -63 -10 58 -97 19 77 25 -11 -95 -42 -34 99 -26 -4 88 11 66 -28 12 -7 44 81 -6 -34 51 13 33 39 -33 74 86 -50 -80 32 -37 -6 82 -20 43 -17 -3 -85 -50 -63 58
-40 -13 0 36 21 -56 -5 -68 -86 -13 67 60 73 -46 9 67 -35 -3 11 -91 99 -92 83 17 54 27 82 -24 92 -97 -16 69 62 -61 -87 -25 77 -27 80 43 -82 -18 84 -36 -24 -18 -37 95 78 -75 95 59 -5 77 -98 -30 -49 37 -47 85 -47 -6 -39 98 -40 -46 -100 -65 1 -34 76 1 4 -46 -100 13 -33 35 -8 -88 42 -90 3 55 23 -53 1 29 62 -72 100 -15 56 86 -15 -51 -52 -47 -81 -73 -40 -33 23 14 -35 79 -61 74 -75 -40 -88 53 -43 -27 -24 -12 -41 86 -41 -28 46 57 -82 23 -82 27 -64 65 87 -14 -7 -7 86 56 75 -85 79 1 80 -74 -65 -85 56 56 -99 -75 49 98 -11 -97
66 -57 20 58 -34 -57 94 73 -83 44 -69 36 86 3 38 -87 -90 67 -82 28 56 -39 81 -11 83 53 -3 -55 89 52 -84 91 -73 -12 91 40 89 27 -57 -6 75 -87 16 10 48 11 70 -82 -13 -1 -55 27 -83 83 -82 44 -8 87 -75 -6 46 91 21 -44 -53 36 76 50 -67 -23 -30 -20 -84 1 -92 -58 -59 -2 -73 84 69 -88 -83 -41 -64 78 -82 96 19 -12 94 55 71 17 -44 -78 50 -40 -76 22 92 -71 72 -44 -83 -24 -10 -65 -40 8 -94 28 65 53 45 -76 -30 41 34 61 -39 52 5 -20 7 80 90 68 -62 35 45 -90 23 -80 -53 71 89 -69 54 94 47 65 17 -7 -15 25 48 -86 83 -35
-16 -46 90 -28 68 -97 27 94 35 90 89 -39 37 16 80 -50 55 84 -38 66 -70 35 -85 54 -29 51 -39 -30 -49 -40 54 38 -64 -77 -65 37 66 -11 91 21 -7 -45 79 49 -69 -2 87 -40 -62 -49 -69 72 83 53 55 -20 -22 -48 -72 77 81 16 -99 48 -56 78 -17 42 -46 58 61 80 39 34 64 -71 26 -69 13 -2 31 -1 65 -59 -52 -46 94 16 -31 28 87 -17 54 -2 66 47 -4 10 -68 -1 85 -77 89 -75 65 16 80 33 46 -94 -70 -4 -11 -24 -16 33 51 -72 70 -27 45 -88 -95 -11 -58 -81 -76 13 -5 46 -96 -39 86 -87 49 -69 -76 -57 -63 73 -75 60 -7 -16 -47 29 -28 15 -27 -68
50 -66 67 -19 -32 -96 77 86 98 90 89 55 82 -31 -63 5 -9 -55 64 4 43 -85 36 -96 14 -86 67 -65 -48 68 33 -4 -29 93 -14 71 99 2 39 -69 -58 -31 65 -14 53 4 -96 -65 35 71 -70 -75 -5 -83 41 38 27 -85 -35 20 -91 69 -9 -91 -22 -26 -32 -67 80 -83 -80 -56 9 2 60 74 43 7 73 -50 5 45 -66 45 -81 -93 -80 -94 -30 74 100 8 8 -87 60 -39 -63 -98 -34 45 -33 -54 13 67 -74 -70 -13 92 92 -8 33 -64 -47 98 -74 44 16 4 -9 -94 3 -78 -81 -19 7 80 8 -50 66 4 81 -54 -57 7 -84 50 -98 87 -33 -39 41 55 -67 71 14 31 91 86 2 -55
-92 -95 -22 -41 -17 54 26 13 -66 12 -82 -45 -36 78 61 33 61 44 -74 99 61 -83 40 32 -27 93 -42 -38 -65 15 26 -43 6 52 -70 -38 6 69 76 12 74 -78 -93 99 26 35 48 -67 -52 94 -80 -89 -12 -3 85 66 3 -83 24 -33 26 8 43 -73 80 59 83 -44 83 -41 31 -11 57 -40 85 -24 -88 41 10 -56 12 78 -78 70 -48 60 -6 14 -25 85 80 -82 -4 -55 -63 23 5 37 -52 -73 75 -14 -29 4 -32 -73 30 -57 -49 43 -14 -75 3 -18 -96 -2 48 36 -48 82 -16 -51 -9 -6 -1 91 -7 13 4 -27 51 39 69 23 5 100 97 18 71 -79 -56 9 -96 57 -41 -3 -99 66 -17 -76
-60 -98 -22 14 -63 -4 -96 10 -9 99 66 89 -43 92 -85 12 -100 -51 -63 -47 73 -14 45 78 100 -66 -34 38 45 -21 92 67 71 19 36 -75 -97 85 -66 66 -9 -83 -44 -43 -7 85 -71 -16 -90 -1 80 55 9 95 -30 87 58 39 -72 -4 4 4 62 10 -25 -13 42 -93 -89 20 37 11 69 -99 -73 55 -26 -62 27 -60 -78 -15 73 -44 -25 70 13 95 -10 -32 85 -54 -48 24 5 92 80 -73 29 -55 -91 -16 -38 -21 -18 20 -71 26 4 17 62 -66 -24 16 13 65 21 90 40 -70 -29 37 -46 -34 37 92 14 3 -53 81 -63 53 30 63 -78 -87 -38 -26 50 18 3 54 -16 -46 19 -12 31 -17 80 55
-3 76 83 88 86 -19 -61 -40 -75 14 -95 36 67 13 5 26 50 -10 -27 -26 -21 69 58 44 -30 6 49 -3 -34 -57 -20 30 -3 45 -83 -100 -77 36 85 -14 45 85 34 42 54 -32 -100 61 66 -96 -3 -41 -14 97 -36 -33 -55 -62 61 81 -82 -11 55 97 67 -92 -24 14 -75 -86 -2 -82 -31 -85 69 71 74 92 16 1 -4 -37 62 96 -76 -79 -83 10 49 1 47 58 95 -4 -93 -81 23 34 -65 28 15 -66 73 3 -2 51 -63 21 62 -75 -76 9 -24 65 -90 77 -24 -25 4 -27 21 32 70 47 42 27 56 76 35 48 71 -65 68 41 -16 55 61 -80 14 16 83 13 -20 50 -33 64 -70 66 73 3
43 81 99 -69 46 5 84 -67 -50 64 6 8 -42 -95 75 42 -57 3 43 91 63 -40 100 -50 100 -80 -8 89 46 97 43 46 -25 -3 56 -1 -90 -42 -39 -80 -65 -39 11 -25 -84 82 80 -93 79 26 -43 -52 -28 -48 87 17 -71 -85 5 -21 61 -29 3 64 37 -34 3 -94 22 16 69 32 -46 -50 -89 -22 17 26 -53 -26 83 -94 92 -25 -19 -35 -34 29 92 -25 94 67 -79 16 -26 4 -82 -36 29 -19 19 86 -32 5 -14 -33 -46 27 66 -87 15 -63 -72 42 73 49 -55 54 55 45 65 61 -53 -69 -47 -86 19 61 94 8 -68 51 -13 -73 -96 8 -65 62 -69 -34 63 44 21 21 13 29 -89 -61 -25 8
63 33 15 53 -16 48 -83 -24 56 8 -87 -28 -89 -35 -36 -80 10 59 0 31 45 -38 58 -85 65 10 -79 17 -49 -59 61 -61 89 -14 -36 -59 -97 12 40 56 21 73 16 -79 49 -76 -86 -50 -90 94 -81 60 33 97 -99 47 65 -11 -76 17 -22 21 38 88 -86 84 4 -18 32 87 62 -90 93 53 31 27 50 -91 -13 -43 31 5 81 -18 -82 98 -4 34 -36 55 -41 -16 -27 -55 24 -17 -22 79 48 17 56 84 12 -100 64 -98 60 3 -52 78 -83 23 -8 88 31 -7 17 100 13 -51 61 -74 -41 74 1 -74 19 -66 3 21 83 30 -22 -5 -43 -50 78 -74 16 47 -88 50 75 -91 10 35 39 -45 -42 78
14 -72 10 -21 -25 -34 -76 89 -80 6 40 80 23 10 -53 -5 -45 -64 49 21 7 -60 39 -36 43 -45 -49 -52 -22 -68 -10 52 -24 -98 -83 -96 90 10 70 -67 -47 -77 -3 -23 -78 38 52 -54 -59 -20 -8 -69 96 -75 64 -88 23 37 -20 95 -89 34 -52 -5 -29 -76 88 95 -44 82 70 -1 -93 -91 -37 -85 -26 84 98 85 55 27 76 32 -57 -38 31 86 44 23 99 -43 -88 41 18 18 -78 -14 91 5 -43 84 47 46 -60 -66 27 59 -4 93 73 86 76 62 -37 21 -55 18 -6 -68 -63 -17 -22 -30 -87 86 -87 99 61 20 96 89 -99 -57 -100 -39 -23 -29 -29 58 87 -63 51 48 -99 90 -23 -50 -2 -84
63 40 26 29 21 0 76 -11 -30 -39 -35 49 87 -75 -77 -17 -57 13 6 1 94 -52 57 31 -27 -30 33 17 11 27 18 -97 92 -11 -87 16 4 90 12 -84 -55 55 -10 -22 -29 -29 27 -13 -49 -5 -49 -77 13 99 85 0 0 -64 64 -78 -39 50 46 -13 -12 -67 -75 35 47 -30 -92 2 -37 90 -83 -20 -56 8 91 -75 7 -42 24 -7 -76 -55 -3 -2 99 -57 -90 -68 -20 2 -95 15 74 49 95 26 86 43 46 -81 -44 51 73 -70 0 -87 8 85 -87 25 -50 85 -77 -89 -14 12 13 -60 36 84 -31 -2 51 91 53 -53 9 -24 -27 75 -17 26 12 -10 44 47 97 75 -53 -40 62 -7 -13 98 71 26
56 -64 -40 12 95 -68 -85 -44 57 78 52 -85 49 -6 24 -97 -62 -5 92 -74 -58 25 42 -2 -51 -2 -51 -73 -18 -21 -99 15 -63 67 8 80 72 -81 -63 -2 44 84 45 70 -100 72 -89 -80 -39 -86 -85 -48 -2 -73 70 63 -80 22 89 -45 45 -20 55 79 61 38 -68 -12 41 -82 -100 34 36 -43 83 -19 74 -77 1 -91 -42 70 64 47 55 44 11 96 -9 23 -23 -32 59 -77 91 24 -20 -90 59 97 -28 56 46 -44 39 15 -23 1 51 64 92 -2 -87 53 35 32 -72 97 -59 -38 89 5 32 -37 -70 27 60 -39 -25 -39 97 20 100 68 -18 -44 -10 52 68 9 -7 76 -91 -60 -88 66 -38 45 94 88
-36 -30 -49 39 73 5 -98 -17 16 -26 17 -28 -9 -48 58 -80 94 -57 4 34 -17 -33 -71 79 -5 31 -75 -83 12 65 46 -40 11 -64 -61 22 -70 2 -98 -98 -12 -89 -70 -54 -82 -9 98 -20 26 3 94 -93 -65 76 17 61 40 24 -51 16 47 77 -46 91 -86 -37 19 -91 -4 -59 73 -27 -100 -75 -83 25 83 -25 -70 -8 -45 -93 71 -42 -61 0 -85 67 -92 -90 -43 21 -91 -99 -40 26 -15 97 11 -28 57 -91 -9 -16 -22 -19 -29 -51 69 86 81 22 -32 60 -54 -4 -21 -27 22 45 62 -30 27 47 66 74 79 4 -96 -47 -55 71 -13 -3 45 76 52 44 -66 -23 83 -5 84 -87 65 -96 66 89 -50 -20
-8 55 -8 57 -98 99 -60 83 -10 55 -86 10 -91 29 -78 -21 98 -27 30 -21 -85 4 39 49 59 33 -7 -34 37 -6 -62 62 -49 -67 -82 0 -96 -71 -99 -31 -12 -40 -26 27 -31 -47 24 53 61 22 74 61 -97 -90 64 -9 62 69 47 27 6 -63 -19 -53 -58 27 93 -24 10 7 -13 79 -73 5 72 6 40 -7 66 -85 40 57 -63 12 81 -68 -47 -28 67 45 18 -25 50 -16 9 89 67 -45 61 -91 -20 14 -74 -92 54 11 26 -9 -97 -29 -29 -97 -23 19 3 -86 99 90 77 -5 61 39 -44 -6 100 77 62 96 -50 70 14 -100 100 -53 -30 82 55 24 -3 41 7 -79 43 -15 -29 8 38 4 -77 23
-67 13 -24 -82 -68 -51 -53 -68 -70 94 -93 71 64 38 75 -56 42 -26 -12 84 -46 -11 37 81 -27 -52 -48 54 55 -61 -19 -43 80 23 45 54 50 36 6 -77 -61 93 92 -33 -89 -45 100 86 -11 -72 -88 86 -23 -34 -8 -7 -20 -98 88 -34 49 -93 17 48 -33 -88 -32 99 98 -69 85 -19 43 46 86 -12 -90 52 -9 21 94 -90 -60 -54 76 -14 18 -51 -23 27 -5 31 89 -44 90 -57 43 -28 -96 39 9 5 56 44 -7 43 -28 -20 74 -49 -5 -55 11 97 -98 77 77 -83 -61 37 2 86 97 -87 -100 -65 37 100 28 -13 -75 -14 80 -96 -82 -75 -16 -93 15 90 77 -75 96 38 -20 -44 90 98 38 96
-59 -93 34 -56 -17 78 95 -68 -62 83 36 58 -96 69 -59 -17 1 74 95 -82 19 -43 -55 67 -67 -50 -55 -39 -67 -35 46 50 -88 -9 37 83 -30 7 -51 75 -99 -28 -48 23 96 0 100 -24 79 98 -24 -47 -17 63 14 22 15 21 50 29 -100 -77 98 48 -53 94 -56 -91 57 29 -79 -77 -70 1 -30 -55 -74 -75 100 84 -65 14 77 73 67 76 95 -89 -99 71 83 3 12 96 -44 -73 -56 68 89 20 89 11 -84 -86 -61 63 -18 -32 -18 31 83 57 -72 -39 -97 37 34 -94 46 22 53 99 59 8 -32 59 -78 3 -87 -21 -68 -15 68 17 -66 -57 0 52 -98 16 79 67 73 -100 -75 -63 -26 -64 47 -61
23 -65 56 -2 -25 -75 -93 50 -57 -88 28 -74 -8 -23 43 -20 51 11 14 -38 77 -94 24 16 48 -63 36 -15 19 -18 -80 -52 36 68 -26 43 -16 80 41 -39 -24 64 2 49 88 -44 -1 -6 78 34 -86 -96 26 14 55 -24 60 73 14 65 -12 92 65 -26 12 -51 19 -72 -53 18 -25 -93 -22 59 63 53 -92 86 31 38 -60 7 -15 -75 99 65 50 -55 36 7 60 -100 -90 -65 95 28 -71 -90 32 94 47 98 -26 -69 42 -3 37 82 -85 -34 31 68 6 94 56 90 75 -39 -88 93 6 1 60 -67 -36 70 24 20 79 46 70 -37 -6 70 -21 -93 21 -70 71 31 55 -7 -13 2 -26 -44 62 17 27 32
62 -46 6 91 100 -30 97 43 5 -81 -88 100 -49 9 -72 31 16 39 -31 6 -89 95 -62 -38 -59 87 2 35 22 -35 64 -56 1 -97 -57 -55 35 25 50 94 -34 -68 -11 -61 100 36 -82 -41 89 36 12 6 12 27 97 78 71 -80 87 0 -88 -9 -63 25 -83 -79 92 -52 -97 -52 4 92 -99 55 -24 -71 -37 -86 -67 -43 -31 -21 -62 100 11 -21 71 11 -10 78 2 -54 64 -24 -71 -4 36 32 -30 89 -44 -18 12 9 -76 -75 -95 67 -79 -59 -3 79 98 31 89 -75 61 11 65 -5 23 4 -77 17 57 -23 -13 34 14 -18 67 54 -79 53 3 -47 17 -61 54 99 0 28 23 73 39 -18 -55 -61 83 -91
52 12 49 -51 -79 35 -59 -16 94 -43 -55 -43 8 -6 99 -30 28 -65 66 32 -8 27 -78 39 -63 -71 87 80 55 -6 -79 54 -78 40 94 -29 -52 -13 64 89 95 -56 100 -58 78 81 -19 62 -82 99 57 -96 90 -12 34 7 -73 85 -95 -51 -36 52 -55 -44 -16 -47 13 -65 -34 48 -24 -15 47 46 -13 -23 12 8 -26 16 -74 -31 -60 -20 -31 -75 -37 92 -10 -10 -4 32 35 80 76 -88 57 -32 -21 54 2 -47 -71 -34 -32 85 -74 44 -57 36 18 -43 10 -100 -26 -7 -9 -97 80 -56 29 -46 52 74 -9 -18 28 -96 45 98 -90 -78 -29 34 -97 -50 78 -83 -87 30 -46 -30 -54 15 -28 9 32 25 30 87
-36 -97 -61 -66 -86 23 52 -70 70 -82 42 9 87 6 82 -10 -52 -86 78 -90 31 -18 7 -90 -35 -41 -71 -58 8 67 62 -23 -79 61 32 88 -21 -69 53 -28 38 -56 -8 77 -19 74 98 -84 2 32 84 59 -70 -69 -39 -44 21 19 96 10 -17 -1 65 -78 -26 54 78 -29 -53 -95 57 84 -85 -4 72 -77 24 78 59 -6 -11 -87 88 -87 48 54 -1 31 62 -88 18 17 -4 64 28 -12 54 -70 69 21 -88 -9 51 -52 -85 -21 17 72 72 -84 -53 -72 48 -93 67 3 91 -83 86 71 -96 -15 20 59 -82 -68 37 91 78 85 36 -38 -28 -89 21 51 15 77 -81 -95 80 55 47 6 -47 73 -2 71 -45 -70
-93 -33 -66 -54 90 -66 46 9 4 67 -49 93 -60 63 -97 -26 53 71 -42 82 -29 -64 63 19 -96 2 100 90 32 -69 13 62 60 -18 64 -67 25 -9 68 23 21 -47 95 79 -14 -69 -79 -55 68 -19 16 13 -31 40 34 16 19 67 73 5 67 -48 -1 66 -100 -55 35 98 -56 86 38 12 -27 -8 44 99 -27 23 25 -86 72 -80 56 23 77 91 26 88 68 -20 81 25 54 -24 -6 28 -87 89 -1 85 -20 77 -77 32 -24 -76 42 64 71 -91 14 58 60 -37 68 78 -76 -85 16 -37 -50 80 95 -28 51 64 57 -34 14 -56 -59 -9 -43 -19 13 -21 -61 100 -72 41 -55 -94 5 -11 -91 2 -63 56 -85 23
14 55 22 -46 -39 -61 80 94 45 37 81 90 -24 -29 -17 58 -92 -91 -50 -59 2 19 -66 92 83 76 21 -34 -3 -22 80 -71 21 -22 53 -84 64 -87 25 -27 32 -87 50 -29 -26 24 -20 92 98 -98 -99 51 70 -98 44 90 82 -93 -55 42 46 70 -74 78 7 70 -21 11 0 43 -70 48 71 -100 -92 -51 -100 4 7 -37 98 -7 -47 5 25 -24 -26 32 -66 -91 -34 6 44 42 -34 -92 43 -99 44 -100 23 -32 43 -41 51 65 -30 -97 -61 -79 41 66 20 91 22 90 18 13 29 98 36 -78 43 -22 -75 -41 82 -82 -60 1 -53 53 58 52 -39 72 -79 5 32 -1 72 -28 39 -80 -48 -91 9 -4 -21 -37
80 31 -58 -63 15 38 92 28 -73 51 97 26 23 23 14 55 -85 -88 92 -73 -6 -15 -55 -80 68 -69 -77 -82 44 65 75 -46 -3 -82 16 62 63 55 32 90 -97 -96 -63 -36 81 -95 91 63 79 15 -48 9 49 15 -77 -22 -96 68 -22 -71 86 50 31 25 15 21 87 83 -87 -42 -38 35 66 -36 -95 -60 48 -74 -23 43 11 68 -87 15 35 -33 -79 91 -55 -55 -56 -73 -57 -99 -20 -53 50 -15 21 16 -43 98 46 9 -77 -7 0 76 -59 41 91 -16 26 78 -17 31 -61 -63 73 -79 12 88 3 95 -17 -24 79 84 -17 64 -2 61 73 58 -86 -51 -34 35 14 -24 -28 74 61 -41 44 -91 71 -75 -59 -2
42 -19 89 51 66 99 -35 -73 -74 -45 24 5 86 -94 -98 60 51 -87 60 98 10 -44 68 -67 38 -28 69 81 -22 31 -71 -77 6 17 41 95 41 67 9 -10 -18 -96 -64 70 88 -53 82 -64 99 0 -89 93 14 97 -73 -70 24 38 -38 -73 7 -1 -76 -8 92 -38 20 16 -49 45 100 -28 24 86 81 -87 -100 48 -73 -37 -18 60 65 -98 -6 -16 43 -30 -43 -27 44 -76 50 -74 100 12 81 -41 30 92 -18 18 18 -27 80 72 -63 -90 -40 -25 43 -5 -71 -45 46 30 -51 -33 -77 91 -91 -65 13 -73 -100 -96 -73 -30 89 -97 81 77 -75 65 24 -12 9 -39 33 -3 39 21 -26 -76 14 -50 42 -14 -16 -63
7 -70 -85 49 -47 -100 31 23 71 -79 -64 -11 29 -31 -8 -69 -76 57 59 -63 70 -94 55 47 87 0 27 67 -90 80 -27 -36 47 1 -66 44 2 -71 26 84 4 11 42 -17 40 -92 96 -78 70 91 -42 -46 50 -83 98 -23 -51 -18 -93 -1 100 95 95 -10 58 -27 9 -97 77 17 -12 18 33 52 15 -51 98 23 86 -4 -34 -87 -43 -44 67 89 0 -24 34 -54 75 32 84 4 -97 64 -43 12 39 18 -65 40 -50 -80 -58 -97 -82 92 -29 -12 73 43 0 -43 -8 63 -3 -53 82 100 30 62 42 55 28 -46 89 78 7 35 73 -23 12 -77 -18 -100 13 -50 -45 23 -90 64 -25 60 40 60 84 -3 -79 -47
-1 78 35 100 -95 -24 -75 -52 76 5 -73 -13 -55 -86 95 55 35 -34 87 -8 -16 42 -71 -8 97 5 15 61 -45 -55 86 1 74 -29 68 -98 0 3 2 2 90 52 -3 -39 64 -36 78 99 54 -72 72 -84 -21 -15 -73 -68 -93 22 -40 77 76 97 -57 6 -26 85 -44 95 30 -85 -67 23 -75 -82 -4 -86 -73 6 22 -64 48 -45 -89 -2 88 80 10 -19 -16 38 18 65 88 60 -25 32 8 77 -73 -93 96 -8 -90 -69 -97 3 19 83 88 22 25 24 -96 -16 -84 25 62 56 26 -49 88 -49 81 -41 65 52 63 35 74 -38 32 -56 -95 95 59 -44 17 -91 -39 -73 25 -18 93 100 49 -31 9 6 51 53
-20 -31 32 41 90 -20 18 -64 56 -39 41 -55 62 -96 -54 -22 63 14 87 16 -77 -23 33 38 -15 -72 -92 -98 -74 -69 -60 -34 -15 -1 90 95 73 78 53 -56 30 55 86 65 -62 63 -21 47 77 96 -19 90 -39 -89 -95 -91 -30 45 -16 -99 -99 -90 -68 11 -63 -99 -63 -22 -33 62 44 -25 -3 -27 -55 -24 -55 -66 23 16 -67 -70 94 -59 -3 34 27 79 59 63 83 36 61 -65 47 -56 66 44 91 -39 65 14 -99 27 27 -90 -74 -94 -10 -63 -41 -32 88 72 -71 -45 2 -86 53 -57 -79 9 -64 50 69 -66 54 -88 -88 95 -69 47 32 -82 92 -95 -9 50 -11 -55 6 -99 -17 7 -82 3 95 83 -92 66
43 73 -7 -13 -82 83 55 -98 85 4 -58 -68 62 33 -40 2 -80 84 -77 -95 37 -44 94 -47 50 0 -90 -11 -30 -76 -63 -26 -31 -38 60 -42 74 -98 -4 -41 -51 -78 29 64 -66 1 -15 -2 -36 84 -77 -28 85 -98 -17 59 -72 43 67 29 63 -97 34 100 63 -22 0 93 -61 58 54 88 -50 48 -69 30 53 25 56 -27 21 9 -27 54 -90 12 -89 -69 -75 -41 56 -49 53 77 39 -33 -34 -86 52 -6 -85 100 1 -58 -13 -49 78 -36 12 -53 -81 37 -1 -53 -66 -55 -92 -54 48 -65 -86 -79 59 17 37 -27 -67 31 15 -61 -13 20 70 -29 73 -1 61 -43 -64 50 69 19 81 79 83 -49 63 -29 -25 54
-47 66 28 86 60 72 -35 40 -45 -34 -98 19 66 22 48 53 37 -75 65 -94 29 -38 61 11 48 -37 -80 88 -19 27 -24 100 -88 63 -3 -75 -89 -97 76 -75 -27 66 17 4 -22 -92 37 85 -13 28 -32 -57 -80 29 2 -19 66 32 -93 99 84 25 -84 88 48 -39 -18 41 -17 94 -60 -68 -16 79 -15 -9 -4 4 4 -23 -16 76 -41 67 79 83 -49 -57 23 63 -6 -77 -12 -85 91 -81 -87 -90 63 -21 -90 42 -70 -72 -7 -88 67 -53 -71 -98 -62 -11 -85 59 5 -13 -40 4 -37 43 85 29 -29 48 -13 -77 91 -48 -96 34 -44 39 -54 -24 -21 97 -72 -2 51 22 31 90 11 -54 84 3 -34 -81 -50 -26
52 -65 100 -70 -28 48 -4 28 -3 33 -63 -51 1 -34 0 -27 13 82 41 -8 11 43 43 41 -42 -63 92 49 -73 73 -21 52 -4 57 -56 15 -16 94 7 12 -63 90 89 15 77 -76 -80 68 -69 -6 -73 -21 -83 8 -8 51 -81 70 -35 -98 -17 5 59 31 -10 79 -75 -97 7 -72 94 -48 41 -37 70 63 47 -76 98 -75 100 9 -44 14 -90 -63 -60 -55 40 32 23 -87 49 -74 46 49 -83 -44 -17 92 -42 78 -40 -90 6 -70 59 -59 -6 -25 14 1 -20 16 -51 100 -45 3 19 85 72 63 89 -34 98 35 48 -57 -6 -10 -30 59 94 91 -74 -20 -28 -10 -31 46 -5 84 85 58 59 52 -66 75 54 93
-48 -21 -6 30 -54 68 -44 -70 5 -17 38 -45 83 -72 36 -43 56 -18 82 -67 -57 -70 17 38 -53 -81 -8 29 -78 -81 53 97 84 51 -19 89 11 69 69 4 93 31 11 -60 35 21 -85 -80 41 -19 66 63 61 -29 30 79 23 -48 -37 -8 16 -6 -16 61 -21 -88 -25 2 74 -71 64 -23 -23 99 29 -49 75 -87 29 -53 -95 -41 53 -38 24 30 -38 -97 -26 -49 89 19 -98 -55 -32 -31 52 -51 4 -8 -44 -49 -85 -12 68 16 -56 12 23 -48 92 50 28 47 -20 -44 -73 -53 -100 -28 68 18 60 55 -54 43 -94 46 -99 89 -38 66 3 -33 92 88 -64 26 -29 94 -35 -95 -26 46 -49 -93 -66 65 11 -5
19 -4 4 93 -90 -10 -87 -14 -83 35 63 63 57 -69 -43 -47 14 80 -9 -97 -5 91 21 -95 -100 -47 -54 39 24 -91 50 -85 -53 -93 -93 17 -42 86 -3 57 -45 79 -37 -39 -57 90 -48 -88 -65 -3 79 77 -14 6 11 38 -68 -80 -58 -13 -81 -19 32 58 78 90 97 9 99 -53 -80 58 63 46 -24 -66 -82 94 -78 -30 83 68 -96 42 -55 -74 -73 -54 90 -12 27 -97 -75 63 -39 93 -39 -22 72 -96 -12 -79 -61 -71 79 22 -100 57 30 -27 -51 -75 -67 78 59 74 36 -32 -54 70 2 -34 22 24 -70 6 60 0 90 -33 -83 -33 62 74 64 76 15 -6 31 18 8 89 -83 80 7 -65 87 64 56 87
54 -2 -56 -95 -72 -32 -52 -97 96 -22 43 52 -79 -37 -38 57 54 78 20 27 -86 -19 98 0 -21 -3 -38 -15 -1 43 26 -83 -59 -5 -37 -81 -5 96 53 -48 -43 80 24 48 -77 64 67 -54 96 98 -16 5 -14 52 -85 -9 11 -3 80 8 53 -7 48 -31 -36 54 86 -86 -17 -29 12 -5 -49 -91 72 -97 -41 60 19 -98 -43 51 -78 27 33 60 29 -58 -51 -96 -89 -47 3 -22 76 -80 85 -76 -70 83 50 -58 68 -73 99 -76 78 -63 56 -48 -88 36 -31 -14 -63 36 -76 -9 48 -16 68 -7 4 -54 75 -38 15 45 19 20 95 -13 -48 64 -46 -69 -63 18 -31 68 47 45 73 40 -54 -53 27 14 64 27
18 92 -2 -90 69 92 -35 1 -96 11 67 97 -68 86 -17 -81 39 51 47 -30 69 85 36 31 -65 -93 18 35 11 87 -3 -50 15 78 -93 -76 -50 -39 58 17 -70 -3 53 -10 -45 -2 -27 44 -78 -37 -50 48 18 -7 -100 -68 -22 93 52 -88 24 68 -23 74 60 -67 -89 -92 92 82 26 93 -89 16 -54 -60 -38 75 40 55 63 54 -83 -23 -70 12 83 -92 46 -55 -90 -87 91 29 -89 -94 -13 -99 -63 99 38 88 24 -34 19 18 -2 89 -51 -1 57 -88 -8 54 3 12 -14 -29 -25 -16 -15 -49 -20 -85 -33 42 42 18 -6 94 73 73 8 0 32 60 -23 23 -86 75 78 94 32 -18 2 33 -6 -21 -51 -46
-63 89 -72 -2 71 90 -35 90 41 -33 97 69 -94 10 -75 53 -60 52 -65 -57 -49 -41 54 100 89 93 -19 7 5 -95 75 72 8 -28 -26 45 28 -17 76 96 -50 -77 -34 -30 -87 15 54 0 2 -30 26 -95 86 -56 59 20 -51 29 -69 52 92 16 -43 53 -1 72 -21 36 -64 -51 81 -77 35 -15 34 -38 -28 -85 72 73 -41 -48 99 69 83 -77 63 35 -15 -83 -6 74 15 26 77 23 -69 1 -1 67 87 -80 27 -86 13 69 -40 -88 -2 51 -6 -4 -7 -16 -48 -3 56 -42 31 93 88 3 17 -44 -7 -68 -65 -14 12 -78 -39 97 36 50 27 17 -12 -10 -49 -26 72 15 25 -89 -27 97 -90 -50 69 61
-9 -19 2 -67 90 35 39 -49 -7 52 -26 43 -25 4 69 89 96 -89 -80 -67 64 -40 -46 87 -64 -73 -65 82 -75 79 -28 -87 64 -67 36 21 -58 20 20 -93 35 3 60 -37 15 -78 59 -45 9 -6 24 -90 -3 -42 -74 -63 11 -99 -6 61 -70 -86 -79 31 72 -91 30 -80 -83 -47 -52 -44 10 -61 -71 42 -45 66 -65 77 -76 -85 -31 65 -68 88 -31 22 -19 -7 67 -90 -51 -1 -99 35 -20 -41 -2 -17 76 91 -79 2 34 36 29 -86 -90 -60 24 57 -74 21 -11 91 13 74 -93 -63 -74 -89 -34 -52 -50 53 16 33 81 87 43 19 -4 37 6 -93 -74 -41 29 -71 0 20 -78 -75 29 -84 -44 70 -58 -75
28 85 -43 -3 -85 90 -72 80 51 88 -30 48 53 -2 -20 65 -88 -3 -34 4 -15 -81 76 57 -67 -11 -38 -97 -91 -58 -10 -88 3 65 -30 -87 36 -3 -2 -23 22 -39 42 60 -87 -50 -38 -54 -63 -61 -34 67 90 61 -4 -9 -8 -12 48 -73 22 -56 -1 77 35 -76 -21 -41 -48 -98 -35 -9 41 -22 -12 -47 79 -28 -1 -76 85 45 -43 -78 68 -63 79 27 17 65 28 84 -46 43 27 -6 -23 -54 -6 -95 21 81 84 -11 -97 9 97 -21 -54 -64 83 -53 15 -34 20 75 59 -55 -13 -76 -57 75 67 -72 -22 -48 -52 -10 58 -96 9 -49 -54 -24 12 -47 -9 21 81 -80 50 86 -25 2 1 34 1 -5 -70 26
60 -58 -26 -21 2 -36 -63 -77 83 100 -92 -11 55 -24 -65 -36 -96 21 60 87 47 16 24 -1 72 8 99 94 5 21 -77 -48 24 -83 75 -16 -97 86 38 -20 -53 -91 -61 -34 -67 -32 7 -99 -95 -86 29 84 6 98 -73 -6 -22 89 50 -86 -5 -81 59 16 -52 -10 46 -80 -36 -6 6 -30 90 -74 89 -90 42 -55 68 69 88 23 -38 99 19 1 -35 -24 51 -21 -46 24 -7 16 -98 -88 51 -76 -80 -4 -40 -59 -87 52 -16 -63 2 -78 12 -87 34 95 -44 -23 32 -70 -85 42 -98 -7 73 -25 62 -71 88 -54 -35 31 59 56 78 35 67 10 91 -97 -62 -82 -52 1 -20 98 -36 -88 89 39 -79 -20 -45 95
-62 -59 -34 -96 -68 -39 86 -88 42 53 98 0 42 -57 -37 -26 -66 -24 76 96 -34 -37 -54 8 -12 76 34 -83 -51 -64 -9 74 45 98 -62 99 3 59 84 99 -65 26 -42 60 -58 -33 -25 -11 30 -79 88 -42 -10 52 -25 -23 60 -7 -63 31 -52 -29 2 -73 -46 52 -37 -9 -10 93 52 17 42 26 -57 6 -23 60 -83 26 50 -17 -59 45 -29 13 -18 -46 -28 -41 91 -92 18 65 46 -78 -87 37 -99 -11 31 -23 -25 -30 31 56 -45 82 26 -35 98 75 47 68 12 -75 -37 -59 -9 51 79 12 -42 -40 -31 98 22 6 77 61 -76 -9 63 -86 81 9 72 -38 23 57 -72 -84 75 -78 36 -38 -49 38 92 -79
79 82 23 -8 -91 44 58 91 55 64 94 -68 67 33 61 22 32 -19 6 15 32 -48 47 86 -38 -57 57 61 88 71 -23 55 59 -33 -48 31 66 -85 -87 -86 -51 96 -42 86 -86 69 52 -89 -42 -36 -93 22 35 52 59 17 -21 -6 -13 38 -4 36 86 -31 -3 13 -93 51 86 -98 89 -14 80 -60 -63 37 58 96 -17 28 -6 -11 -70 -49 -80 3 40 69 -31 3 -5 80 -75 -37 24 0 72 26 -14 -34 -3 -71 -17 37 -74 86 8 -78 29 41 15 21 -80 -5 -99 65 -72 -58 56 47 87 -64 -21 47 67 64 71 45 68 -39 -70 59 -36 -7 87 -76 97 23 -84 43 37 100 -65 -61 -48 80 -89 -16 59 -20
-74 -35 -28 2 -3 -58 -37 34 26 -87 96 78 64 -64 16 59 -70 34 67 14 15 89 -24 -83 -44 1 -85 97 48 7 -60 -83 -48 -14 -37 71 -80 13 -88 -8 -31 -78 -44 29 66 13 92 -73 18 -4 1 -17 51 -78 -69 -22 55 25 6 -73 -4 -20 -56 71 -57 -50 -43 -15 -9 34 -65 -8 -7 81 -87 -10 46 -99 5 16 -64 18 59 -9 -41 -60 -37 -94 86 -100 87 37 -12 33 -23 -30 -18 44 -79 -9 -39 -97 27 26 -69 25 78 25 -45 -85 -17 64 93 -91 -50 86 57 -30 -46 83 -93 50 46 -73 -69 23 38 0 70 -52 -81 -18 -27 46 6 -94 -75 64 -44 -83 86 20 42 0 97 96 79 -18 -42 -13
79 46 43 -41 44 -4 -17 -100 -74 80 -65 86 -1 -13 -66 -62 97 28 -3 -41 34 -61 -36 -5 -27 92 19 10 66 -51 37 64 -15 -17 24 76 8 86 -86 -38 92 -9 -51 -36 43 -8 -24 -38 -72 -7 -72 -56 -15 86 19 61 -85 -33 46 -2 27 -41 23 -34 -57 19 9 -84 4 -61 -94 35 -14 -72 85 55 84 -7 93 19 23 -61 -19 99 -82 -77 43 -52 -74 -14 17 100 20 -94 82 40 -46 -7 -58 -71 -97 57 -31 57 50 -95 -37 -13 72 29 -50 -66 -92 -74 72 12 -86 -70 13 -5 -92 -86 81 26 96 -58 -80 90 -97 63 99 -96 85 32 -86 42 -31 -90 -45 69 -8 42 -48 6 8 78 34 9 31 25
-14 -13 60 -47 38 -30 49 59 54 -82 78 52 35 -37 99 16 -68 -48 -17 67 -61 -76 45 -74 -85 52 -66 40 28 -80 65 -66 -37 -76 -90 13 -98 37 17 23 -98 -7 -61 45 75 -16 -35 22 -48 88 37 12 -8 54 44 65 60 -42 85 -5 -2 93 -10 52 71 -78 -23 -62 -39 -6 34 69 -34 7 -70 -83 38 -17 -37 47 93 -14 -68 65 -95 84 -83 -22 -73 92 83 79 -50 13 80 17 19 71 31 22 -56 32 54 -18 85 -98 66 -83 10 57 -90 9 -77 -23 100 -81 41 -75 -36 -69 22 71 -15 -82 -54 -62 -47 -66 27 -41 18 -49 -28 -17 -79 48 -35 56 24 81 -41 28 -24 -16 -76 88 -15 19 -39 -15
-11 24 -22 98 -57 57 40 76 89 -23 -52 33 72 -58 28 -83 -63 -57 -68 55 -30 65 -74 2 -9 14 -5 -92 -78 -55 54 -76 -33 -67 -86 100 19 78 -44 -5 64 23 -91 -25 -3 83 -56 85 53 34 -69 -29 -81 76 -86 -100 62 73 51 11 -84 77 25 89 68 71 2 86 30 53 1 44 -84 -27 24 -33 -85 88 -57 -96 -5 -78 91 -32 -46 -57 -14 -25 -76 83 30 -11 -26 -49 84 -11 47 -8 18 77 52 91 -88 -88 55 -46 58 -84 86 64 71 -50 -62 -71 11 85 71 -16 35 88 -77 -74 -85 74 -73 -83 -65 86 -25 50 54 -9 -94 60 81 61 63 71 89 -84 54 32 40 -24 23 -79 5 -31 50 -58
99 34 77 -43 -80 -84 -88 -88 94 -58 -2 82 56 30 -91 -53 -25 -46 96 -2 -13 91 -12 -26 4 -84 11 -67 -14 -31 -95 7 -75 19 -80 84 -59 68 -8 96 92 85 -53 71 58 -97 -96 33 4 68 -81 -41 37 71 -43 -98 42 59 35 22 -98 54 -35 54 53 -36 -89 89 19 76 71 39 -70 47 37 42 -20 -73 66 -27 28 87 -53 -6 -19 69 85 -57 -3 14 57 -72 56 76 16 100 67 -95 17 -21 -51 -14 -49 -13 73 -10 -57 79 100 -13 -84 -31 76 70 -53 -25 -11 36 35 69 -44 -67 23 -21 -83 83 -47 18 -28 92 56 28 26 -19 -1 -8 0 -90 90 28 -33 -84 -92 99 -28 32 -91 7 -95 16
80 -5 25 -58 -23 -10 -18 83 89 -58 32 66 -7 32 -5 -10 36 34 -66 -33 76 87 73 -42 26 -32 76 44 26 94 94 -18 39 -51 -15 -97 -52 -73 62 -24 -1 -37 -76 84 40 90 7 33 92 -70 -33 -85 -14 -72 -91 43 -62 -53 -95 71 45 1 -18 -84 -88 -46 -19 -84 92 38 -70 20 -48 3 100 -71 -64 22 -96 37 73 51 48 -24 69 33 -51 17 4 15 -36 -57 -36 50 33 -30 94 61 9 -34 -83 -99 74 73 56 -25 53 -29 -70 38 -69 62 -95 -99 -14 -27 -24 -9 12 66 54 -98 -57 82 43 79 -47 44 -56 42 98 -52 30 -17 98 -52 -28 52 -17 -59 -47 -64 80 67 58 51 29 -32 -9 -63
-75 -70 -18 17 93 17 99 -59 -34 67 44 -63 -71 78 12 83 -14 -46 23 -21 67 -54 66 -38 73 -14 -79 0 -2 33 50 -38 -75 92 -23 -5 -22 -41 52 11 55 -77 3 16 27 -85 -38 51 66 2 -30 23 -2 -82 -80 -69 -92 14 19 -55 -91 -24 86 -70 -38 75 -15 8 -60 19 -35 -19 -39 53 -92 -20 88 23 -48 100 82 79 -79 67 65 20 96 34 -33 10 -49 -23 -67 65 21 62 1 75 -2 80 -52 -29 52 -79 -92 60 -40 48 77 97 -79 -77 8 -84 5 20 3 -32 -9 9 90 -14 -56 79 0 -99 0 -73 59 -40 -42 -44 -64 -74 -40 11 90 -95 -39 29 -93 50 83 2 -35 36 89 63 21 -9
31 4 45 91 91 100 -22 85 -98 23 35 -14 -35 50 82 -3 -2 -79 -56 -62 -72 40 10 -99 -67 10 12 27 -86 55 -91 -91 -39 31 -74 95 15 35 -31 43 -24 -96 47 -54 4 100 -47 -59 -64 68 84 -88 28 70 -16 87 23 50 -86 -20 -85 -63 22 24 -14 60 -43 78 24 -66 -50 -18 37 10 -97 97 -38 -11 -3 96 -73 89 -77 -22 14 65 27 -34 92 6 11 -54 67 -31 -74 -30 -42 19 -42 1 -46 -52 78 17 90 89 63 -93 -29 -19 -15 -83 63 -93 62 95 69 -50 71 -88 -3 26 14 -33 -3 -52 10 34 75 62 32 100 77 -78 15 -2 62 -77 -86 94 97 -72 0 -96 -100 -38 -87 54 41 -46
68 100 -6 -37 39 19 -68 -24 17 -91 -38 -55 53 97 -63 -30 38 -15 58 9 37 -54 78 -88 25 29 25 6 95 -14 -64 -56 -20 -60 61 -80 -100 -5 70 11 16 73 85 25 12 61 -81 74 0 59 -1 8 49 15 -97 89 -90 95 17 50 16 85 -18 -15 -86 -42 -87 97 1 -23 100 96 91 67 -12 77 40 -72 55 -64 29 14 78 66 -100 79 -54 -69 -69 -79 78 44 -23 -1 55 69 -53 -1 0 69 92 39 57 -66 -44 -9 -69 -32 -85 18 75 86 -79 66 17 -3 91 -40 100 -72 -26 42 7 -96 -18 13 -57 19 65 -73 93 -71 87 -81 22 39 -34 95 -26 -73 -3 60 -4 52 20 -45 -43 -36 -59 48
-93 -83 17 52 99 -80 -15 69 -79 -71 -1 -78 -5 -94 50 -43 12 -42 -67 -97 -9 62 -100 77 33 -54 34 18 -3 16 87 12 -11 36 -68 55 -2 52 46 -35 -78 26 28 -72 62 81 -41 98 56 25 4 -94 -65 -37 -20 -4 71 -3 11 -28 62 -17 40 -2 21 83 -36 25 -45 26 48 -57 -89 -90 -21 -29 -78 14 47 40 88 53 -57 28 49 -50 -91 -9 100 44 63 -30 -96 75 19 -56 74 3 97 -36 -26 -16 -3 82 -4 -17 -76 -87 32 -14 -37 -100 51 3 26 65 -32 41 -93 -70 -43 -56 56 19 -97 23 -5 -5 -12 -6 -41 -16 -79 -85 26 80 -79 -12 -65 83 93 -86 68 63 -49 88 -67 -97 95 96
-68 4 90 -100 34 63 74 -24 -62 54 79 -89 -48 10 -88 32 -69 -94 84 -91 -74 -95 -66 12 -67 86 26 -90 69 39 -71 -88 -83 -40 -38 9 28 55 -54 53 66 29 -23 41 -98 -75 -28 -72 67 79 30 19 55 -58 56 -84 -4 -84 9 89 -34 -56 -10 76 -100 -78 23 74 52 44 78 -55 80 -56 89 -47 14 70 51 69 -81 -6 83 74 -24 84 9 -14 -66 51 27 -27 58 -39 96 -96 35 -28 55 5 2 75 47 36 -23 -39 34 -68 59 14 -10 -10 -32 72 58 -22 48 75 -3 11 7 -70 10 -29 -61 51 36 39 9 -82 -30 -54 -1 87 45 -7 -14 -52 98 6 -48 50 -78 3 -9 83 -98 -18 25 86
70 -63 -48 50 94 43 -28 51 -31 81 94 -88 -43 63 84 -76 80 13 -32 -3 56 87 -18 -32 63 51 -15 34 21 -29 62 -24 1 -33 -100 -87 -7 3 -18 -49 94 -18 75 55 38 -7 17 10 -60 36 40 91 13 20 94 66 -43 41 -40 -9 -50 -5 14 -84 -29 -45 -85 12 -16 76 -14 47 -61 -30 65 -79 84 -100 2 -34 -73 16 -27 -43 46 57 37 -10 -25 52 -6 14 49 79 12 78 -26 -60 -7 -10 -86 86 72 28 -31 86 66 69 -38 -77 -38 -51 -1 18 -95 47 95 22 -60 -46 -97 -53 -86 75 -81 48 -88 5 -37 -95 42 22 35 -82 -18 27 -8 68 -19 25 16 -55 38 -67 4 -10 26 -63 -78 -67
-93 -18 11 38 79 27 -2 53 -23 78 36 -36 -69 -78 67 -54 -98 -74 -57 -23 -52 46 50 39 -83 38 -92 28 -77 56 62 -6 -26 79 -79 18 -25 0 44 15 -89 -44 -26 85 -42 -32 52 -82 -60 9 -51 -99 -8 59 31 -61 91 -74 94 80 64 16 30 -77 15 -77 85 56 -5 -79 -91 44 -52 21 24 -10 -69 -34 -36 99 45 53 51 -20 88 -36 -73 81 -27 80 27 51 77 55 33 0 32 -17 -51 -100 -23 -88 19 43 -91 -75 -81 74 -83 87 56 45 -78 -65 -25 -69 4 49 -60 65 -38 61 -64 -92 -38 88 79 90 -79 90 18 51 -86 49 11 22 -67 29 37 -11 71 -64 -98 12 89 6 -84 82 -64 89
34 -1 14 -32 60 -5 -84 -26 -50 37 -11 -3 24 95 1 43 10 -97 -4 -14 -8 -50 -88 84 50 -80 -29 89 -6 30 54 41 -55 -4 100 -62 -70 -15 -73 -31 -73 -59 -42 14 54 -52 31 57 -67 92 -5 61 -21 4 65 83 70 -34 -44 1 -62 -76 17 -46 16 79 22 38 -36 60 63 17 -37 -95 -97 80 54 74 68 72 49 64 -20 82 1 26 63 -43 40 41 -22 88 40 -57 64 -46 47 75 49 67 -35 98 -54 -11 42 -18 99 -45 -49 -13 86 31 10 -73 -26 -71 -47 75 6 -41 58 -41 -16 78 -30 52 13 13 3 43 7 63 -66 30 -66 -13 -11 58 50 17 97 27 5 28 58 39 50 -71 40 93
-46 80 57 -84 16 -5 21 -6 19 8 30 -35 -25 82 56 96 100 13 7 -24 -9 47 22 -20 -43 -6 -90 -36 50 -1 -81 -47 21 -55 -49 -42 33 11 84 73 -96 81 80 89 61 50 21 -56 -91 82 -77 -59 -77 16 -75 100 -90 -2 67 69 -55 22 6 65 -91 -55 36 89 3 97 90 43 -18 -58 95 -67 4 39 -40 -31 -94 -100 71 57 65 44 -70 -12 70 25 98 27 -76 76 69 10 -86 -86 -94 11 92 68 -58 12 -5 -30 -12 -54 -52 -66 -81 -2 -80 11 -28 97 -51 -58 86 20 -55 38 -29 -52 -88 18 83 -58 69 -34 32 97 74 -84 -88 0 50 75 -19 82 34 -56 -80 29 -3 -100 36 17 -53 -84
-49 -23 37 -52 78 51 -12 -64 -16 70 64 -42 -96 40 7 59 -28 59 -7 30 -17 28 98 17 -33 7 -85 -74 87 -29 38 -75 86 20 73 -96 -56 71 -24 20 -32 73 43 11 29 38 22 93 38 -76 -54 -3 57 -41 31 -93 -100 -78 -69 62 -40 -47 99 -95 -22 48 -27 79 79 -22 -21 -55 -31 37 -56 27 99 3 -25 63 24 -58 94 21 -55 -7 -4 9 63 2 -12 82 -79 18 -31 68 -57 -8 57 71 91 19 -6 55 -27 67 87 -49 -67 -51 98 -5 -86 13 -27 32 -63 49 -72 69 24 26 -58 82 -58 84 -64 -90 -46 -51 66 17 -47 -46 78 66 7 -98 -91 -18 -20 27 67 -25 17 26 -83 25 41 33
-92 -81 48 86 -47 3 -76 20 -33 22 -88 -65 78 41 99 -15 -22 30 -54 52 -60 30 -64 -95 -17 -89 -77 91 -96 24 54 83 -55 -1 -20 94 73 -7 84 28 72 -41 25 58 -10 8 6 -17 -79 -5 -44 -7 -41 92 5 -50 -20 66 -90 40 -37 -6 -61 84 -70 80 24 44 -100 -91 25 -77 -3 55 3 -57 -48 -52 89 48 -66 38 -97 7 75 79 -69 -72 -96 98 -21 22 -21 88 -72 48 -2 -17 79 -100 87 -27 39 85 -97 -51 77 -19 -57 -79 -37 18 32 -13 0 30 -72 -99 35 -64 -76 -49 -31 88 2 -59 -53 -99 73 54 2 98 29 -14 -39 63 87 -75 74 72 -53 34 -40 -57 -62 -8 87 12 -64 -42
21 -33 -52 -66 9 -45 -23 5 69 -11 54 -9 -84 68 8 2 -52 -35 56 1 -98 60 -51 80 89 -14 75 -47 76 -8 -1 -16 41 64 48 70 1 96 -16 38 -7 -53 50 -41 -5 38 -10 -74 61 8 -84 74 60 32 -38 15 100 7 -93 -51 7 -70 57 45 96 87 94 -96 74 -79 -42 47 18 -87 17 66 98 -67 -70 -66 82 89 -74 -62 57 68 49 -63 2 -35 11 -37 -90 -83 -31 87 -87 -43 -89 33 -41 -85 -1 94 49 27 47 70 -71 -53 93 5 -25 66 -70 -56 -51 92 -54 32 -36 -47 88 44 1 -33 50 -25 -6 -66 -41 11 -6 -6 11 -34 27 -44 -78 13 10 65 55 -75 32 20 -95 28 -21 -45
-54 62 18 39 -66 -91 11 56 -82 59 30 31 8 59 -10 56 23 39 -41 75 -6 48 -4 -57 52 40 -42 42 51 -74 -91 25 -68 -59 -30 77 -28 -74 24 -17 4 18 -67 98 -30 67 83 49 -74 23 9 44 84 -38 -6 33 26 -52 19 5 -97 -86 65 -100 88 3 -81 60 7 -74 -14 -14 38 -7 78 83 96 -52 -92 49 58 49 -43 -13 95 -22 90 49 89 -21 0 36 21 -38 65 -21 -8 2 32 -5 4 73 33 -77 -54 100 -88 -48 48 -86 -61 69 -86 -21 -78 -51 70 -6 -11 -77 -57 -90 8 57 -69 -64 -53 78 64 -87 -74 25 92 81 16 -27 2 13 71 -77 -46 31 32 -17 58 -25 -74 27 -21 -37
-66 27 19 91 -75 -34 -28 -63 -26 82 42 -17 18 52 -82 67 85 4 56 -68 13 40 74 61 24 -12 -45 54 -5 -99 7 49 42 23 -91 -43 16 -53 10 53 -4 4 -43 -83 50 -27 -6 95 42 60 -20 21 -1 -53 -38 28 45 96 58 43 -81 29 60 55 -35 44 43 -85 65 -33 -35 -36 -65 50 -30 14 45 -13 -47 65 -62 43 45 61 -26 11 -83 62 -40 -44 28 10 -43 72 79 2 33 0 -79 -66 -93 58 -7 90 -44 62 33 40 70 29 -96 5 -37 -83 99 47 63 53 15 -62 -98 22 64 -40 28 -89 80 -76 46 -83 -83 19 -5 -19 70 15 -20 1 81 -41 -33 4 51 -92 -65 65 -79 -83 -36 -39
78 -21 9 -83 -26 47 -62 4 64 39 25 84 -39 43 -1 -47 -74 -44 31 -67 23 29 -75 13 82 53 5 34 97 12 29 27 -21 -86 -25 72 16 48 -50 96 -72 1 40 -1 92 71 42 -32 -89 92 69 -82 91 5 -53 -94 -94 -44 3 27 -30 62 66 60 99 55 -79 96 62 96 -1 0 -42 -51 -95 25 -79 31 -1 5 -48 -59 85 -91 15 -85 -66 97 -58 10 -82 -61 98 82 -100 -87 50 -9 -70 -27 43 56 -84 40 -97 54 64 -6 -37 -6 59 1 -63 -79 -46 -73 -82 -16 57 67 -93 81 28 -40 -83 67 11 -52 -41 -87 -42 91 73 -57 88 13 13 45 -1 -39 15 -2 19 -47 -85 27 70 38 -80 19
-92 98 -71 -36 20 93 -18 -20 25 97 99 22 61 14 -64 73 33 94 -21 -44 -74 75 91 53 -98 73 -61 97 48 -67 21 24 93 21 99 0 54 50 76 24 -3 67 90 -55 57 -99 13 15 -73 76 72 -5 -56 -5 -87 -42 73 21 77 -89 1 -33 43 63 -41 88 -19 -67 3 48 40 0 61 -47 9 -66 -13 21 51 -51 -1 -17 -12 -53 28 2 91 67 77 -97 69 59 -62 56 38 26 43 -33 -88 -90 84 -25 -9 -52 -87 -45 27 -28 10 84 18 -85 41 12 -74 -37 -89 64 90 94 -39 -26 -37 5 -6 -48 81 -16 -47 26 -24 89 -61 99 -25 23 -2 85 -95 -70 38 -76 -42 -66 60 -22 -11 10 -12 -51
-65 3 61 -53 94 41 20 17 10 -51 8 -62 5 -45 29 65 55 43 82 -87 -9 40 9 82 4 17 80 2 -24 92 87 60 -27 -90 -85 46 6 -73 -90 7 -77 -37 -57 24 -4 -4 -59 -39 -46 55 22 42 -17 54 -49 24 -100 32 38 24 -60 82 -32 84 38 -75 69 -48 -24 -31 89 13 -17 -23 12 -32 96 -39 68 5 27 -42 -47 -60 -24 1 13 -62 78 70 -93 40 -35 -24 61 -84 -34 -99 -70 -9 83 70 -39 33 13 55 27 -28 -67 -54 -3 31 -68 -52 -5 86 -79 21 26 -8 -64 -61 -53 -66 29 -54 35 34 72 43 19 -67 -5 -37 -78 52 -57 -96 -11 -97 -13 46 64 73 16 96 -2 -78 -10 86
-26 83 -20 -3 -70 -3 92 20 -25 41 -65 40 23 17 -93 82 -41 -70 29 -44 13 -51 76 -91 -84 52 55 -14 -77 28 21 74 -63 87 54 47 2 92 -78 45 -69 -12 77 -93 86 46 22 -74 76 -21 -46 -96 58 -15 40 -61 98 -28 -99 90 65 17 -58 59 59 -2 67 89 23 -79 34 85 -4 55 100 39 14 -34 8 -32 36 -10 71 -82 -50 4 6 87 54 -64 62 -47 -20 21 93 -66 12 -10 78 -38 -34 -55 -49 19 -22 71 -57 -62 24 7 15 -13 47 -79 26 -7 -34 21 99 27 -84 25 -11 96 84 48 6 95 -43 47 -13 54 70 70 -87 68 -43 -6 40 -40 -47 -6 -2 7 -55 -48 77 48 26 41
-66 -24 7 -49 -91 72 14 34 92 -17 7 73 23 -23 -25 52 -57 89 95 -80 0 -8 -82 -57 55 -63 69 -46 45 64 -20 92 48 49 40 61 -29 -9 61 20 -76 23 -45 -53 -20 -22 36 87 -48 -67 45 61 -76 -5 3 12 8 -81 0 -39 21 -75 79 25 -86 -79 12 -79 -12 54 72 67 -46 24 8 65 94 74 3 37 53 95 -25 -94 8 11 17 -20 -36 39 -33 31 -34 81 14 -27 18 49 28 60 4 97 -62 -76 -74 4 54 97 -12 -84 -46 -81 -91 -23 23 -59 -23 -30 -57 14 56 -69 89 28 19 -58 -31 -69 1 -56 -91 -59 -52 78 -88 87 47 5 -13 97 39 35 -22 56 91 70 87 -26 34 24
88 41 62 77 67 1 16 34 -19 -7 -12 49 12 32 64 -43 -71 -31 25 66 46 -23 -23 49 -21 35 90 -7 -77 83 85 -20 -23 13 51 69 90 93 -18 38 -14 -33 -72 -42 52 -78 -95 -25 62 4 -20 -14 -63 1 -40 60 92 27 38 18 46 -24 -38 85 -2 46 18 -4 28 17 69 8 -24 -53 46 -43 13 47 56 44 51 27 -40 22 -21 85 13 20 -99 21 -93 25 32 38 -14 53 40 60 -63 -41 -84 65 100 88 -56 50 -13 -89 90 -32 27 -74 -19 -89 67 20 -11 -48 36 -55 -68 -41 -38 -30 69 4 -91 -51 31 -82 -40 -76 55 59 88 -32 66 14 -47 41 79 31 86 -52 -58 -31 56 41 100 57
-67 -45 62 -27 -32 99 -90 -10 51 -3 -90 61 81 42 31 -35 43 -34 -81 84 71 87 2 -50 -58 -84 -59 -33 -21 56 88 -57 -54 25 80 35 -67 -32 10 -51 59 36 -71 34 7 -32 -93 -42 -94 75 28 39 -35 71 -7 -48 76 -94 93 89 -86 32 -43 -78 -100 -90 -93 -54 -4 -63 -17 -52 39 -5 -21 -76 -86 90 61 -6 95 -45 -26 100 -36 28 -95 31 7 38 21 76 -9 -68 89 82 1 7 28 -29 -15 97 -50 -46 -25 78 -94 -79 -11 54 -13 21 -16 77 -84 -42 68 -99 18 43 -62 -38 96 79 4 61 -91 -51 82 11 90 -11 16 53 -22 44 -38 -100 88 -86 -29 97 -23 82 -39 -5 91 -19 -51 -31
-68 -4 84 -91 82 -18 37 -19 -64 65 11 26 -48 -41 -26 -39 71 -1 35 -34 -32 3 59 -7 90 -36 -37 -13 -32 -23 -60 54 -72 55 50 6 58 89 -92 96 -34 84 -14 -64 83 -55 -32 -54 59 66 78 25 -20 -9 79 84 -46 80 -68 -38 66 28 -84 40 -53 -16 67 -20 -78 -61 23 12 -58 -11 71 -80 -81 -25 -10 -25 -11 17 -15 -1 -37 94 -46 39 -59 -28 76 52 59 -75 -36 28 20 -44 -65 -96 52 -62 -74 94 97 -87 -40 -76 -58 -85 -11 6 -64 76 -76 15 -98 -41 -63 -99 12 -83 81 -100 64 86 -20 24 -64 -68 10 36 72 -50 81 -81 79 54 14 36 -12 -26 72 -38 -10 19 5 88 71 -30
-30 4 7 -24 51 -58 27 -66 -84 -43 20 11 81 4 64 -98 -88 55 29 -50 -25 -36 65 -7 -13 71 -74 6 -37 -37 -1 -83 32 -79 -19 -6 16 -58 38 77 -14 -45 -2 -32 31 82 37 -87 -98 18 -8 41 -30 43 -53 -61 9 22 -88 -60 11 86 -12 73 -78 -15 -100 -18 -28 -7 86 -72 53 47 -83 -92 79 52 -4 -63 -97 91 62 97 -8 25 -46 93 2 -91 29 -22 -63 -16 -25 -7 -46 -25 -14 -63 -54 86 30 99 -33 88 27 -49 -92 -23 100 96 8 23 96 77 -55 9 -28 -23 -7 -78 93 28 7 -36 -89 -55 -40 -19 63 -83 65 97 -9 -39 0 79 60 -88 50 94 -84 -28 63 -86 -21 36 5 3
-89 87 -87 -50 46 -32 88 -76 45 81 -32 -36 -99 -44 -37 -26 90 -29 -58 9 -6 -94 53 60 -14 18 56 -29 37 -69 -68 -16 -88 24 -35 0 -65 83 -62 56 44 -21 96 33 33 16 -13 41 -54 -36 85 -100 50 42 -61 63 -90 99 -31 35 67 -26 -96 -72 68 -23 8 15 73 51 29 65 24 -40 40 -31 -95 -11 71 -72 -68 -93 63 -30 50 -2 24 18 -71 48 -4 -41 -55 -79 24 82 -67 97 -24 -78 -57 75 20 3 -17 -83 -26 -50 10 -60 12 88 -82 79 71 -58 25 98 -4 35 -75 24 28 12 11 66 -71 -86 -5 86 44 -70 -4 3 15 19 -30 51 -100 -92 -39 29 -80 -75 70 -60 27 78 30 4
67 91 -10 -35 86 -62 80 54 26 10 67 -16 72 53 -92 19 -70 -6 28 -26 79 33 -55 0 -50 81 -48 88 -8 -27 1 61 -26 1 9 86 28 53 44 -68 -60 -28 74 54 -35 94 88 -88 85 -30 -75 59 -39 1 24 -1 -78 -33 42 19 63 32 79 -35 91 59 -5 -19 30 -20 -4 -84 54 -1 1 -29 81 -11 -59 -1 -25 -77 84 69 -12 -7 -46 97 48 -7 -35 27 43 31 -66 35 -23 -81 -13 56 -86 13 88 50 -14 -13 21 -37 -31 -26 -61 35 -10 95 -34 -73 -41 -8 -25 -42 9 -8 -32 28 -17 55 -21 -36 92 -87 91 -56 87 -45 -94 79 53 79 35 -6 95 22 -58 31 -34 -17 -91 55 62 16
-24 -84 -93 61 -75 -41 -71 -66 63 88 82 -28 9 11 -17 -93 -26 81 -49 -37 59 -7 10 5 -93 -53 -55 16 62 -15 97 67 51 82 24 -35 50 11 27 -4 -39 -35 -72 32 36 33 26 49 88 13 -78 -15 3 80 -64 -73 51 -72 0 -5 38 61 13 -72 91 18 -92 -87 62 92 29 -29 41 78 34 29 -39 -86 -1 9 51 39 34 91 64 82 82 5 -83 -95 3 -80 96 77 -26 -28 59 18 -95 -34 -60 -25 94 37 -88 95 91 39 37 77 -8 -36 49 51 11 -87 46 47 -53 49 93 -81 6 87 -3 93 2 -51 -83 -38 83 -37 45 -13 38 -13 13 -22 -37 -28 -28 -56 -29 -45 66 56 70 13 87 -24
19 63 99 -22 81 95 85 -31 54 44 57 -91 -59 -98 17 62 39 -24 -57 -57 74 -9 99 43 -8 -46 37 69 62 78 -56 -25 -23 56 -37 69 -92 81 -88 6 -88 -39 -8 67 -75 49 33 4 65 -91 -80 82 -4 -67 -12 -5 63 84 8 -48 12 45 -36 -18 -93 67 15 -48 -25 -85 -47 8 88 23 25 -70 0 58 58 -44 10 -40 28 -14 95 57 30 89 64 19 -86 -70 -49 -22 49 -87 -1 9 -75 -87 93 -27 74 86 37 34 70 73 94 -13 27 -8 63 -1 -8 -4 -34 60 92 -45 44 80 7 72 49 -11 44 29 18 17 -57 90 69 -77 9 49 -59 4 -16 45 -82 -99 100 -91 -28 -62 56 -80 19 30
-91 -86 -100 19 49 63 71 -10 40 33 -89 100 -92 52 -95 -16 -29 -98 -20 10 -73 64 -22 -2 98 76 19 43 20 100 86 96 29 75 -31 -47 2 30 98 -47 19 -57 -63 28 -76 31 -89 -7 14 7 31 -74 71 -82 -36 -76 32 78 -25 76 33 -86 -33 -53 -36 68 -47 36 -7 -60 64 12 84 44 85 52 66 -93 -71 83 11 -18 88 42 -34 -12 45 -33 78 75 25 -26 -5 6 78 -55 64 -90 29 -19 47 52 -33 -18 -85 91 -26 95 69 -24 98 37 -76 -26 25 68 38 76 78 25 20 -24 70 -46 34 -8 62 -82 35 76 40 -92 16 47 -99 57 40 -28 76 35 -75 -58 -10 41 -12 53 -29 23 55 13
-6 11 -60 -34 -69 14 -87 83 49 100 -3 -42 44 -49 -24 49 25 -13 -85 -85 78 30 -81 87 86 -88 -36 98 74 -6 96 54 20 -33 -35 -58 -78 68 30 67 -89 24 -40 29 -33 -4 23 -74 99 65 -36 31 27 -17 -73 24 40 -9 -90 8 -82 -16 51 74 36 88 -6 2 51 34 45 45 -91 -8 20 1 -60 -25 -73 4 -82 92 -45 -60 -18 -30 -77 -90 91 51 -14 -31 11 -60 -66 -47 -58 4 44 64 9 59 60 -15 35 34 -46 -62 11 -65 59 37 75 -63 -49 -66 20 70 -7 -100 -85 95 -5 -23 -24 66 -29 -56 -35 89 48 -64 -61 89 -33 51 -51 53 59 27 11 -2 -86 65 -8 100 -98 -29 100 -5
43 -17 -7 -54 -98 -18 30 77 -41 84 -17 92 53 -46 29 35 -77 59 93 -94 39 -33 -81 43 -25 -4 -93 -84 61 -100 -21 -100 89 62 -75 0 87 35 -61 42 100 88 29 -22 -73 -81 -94 75 53 26 -20 33 41 9 5 13 15 -53 55 64 -45 -71 55 -32 7 88 -74 75 -77 67 -31 39 -49 34 -50 -33 50 -60 -71 2 36 20 87 90 97 15 100 -80 6 41 90 -29 30 33 -53 -84 47 96 46 64 97 -13 -41 -2 6 -50 4 -62 -86 -100 -94 95 9 -67 95 51 42 -16 30 71 -88 -13 -33 22 -74 68 50 -55 92 -14 -65 91 35 8 -19 81 -12 -51 5 -35 97 37 3 -86 25 87 2 -71 -92 -50
79 -70 -85 -94 -80 7 -10 -42 81 78 -50 5 -6 93 -29 47 -72 -5 -53 -32 -88 -42 -75 -2 54 43 -15 -61 21 5 -77 20 82 -8 76 -35 60 -18 74 80 -85 -48 4 -41 95 -56 -16 55 33 89 -21 -82 -88 -46 -96 46 84 -87 -40 -62 -22 47 -71 51 17 94 -69 -23 47 42 -58 -88 45 81 -33 18 74 18 94 5 29 -56 -77 8 -82 55 11 -59 99 83 -86 52 19 25 -100 98 10 -66 -83 56 63 -71 -78 20 32 50 48 96 21 -50 -87 -44 10 -14 -87 95 48 -15 53 -84 -7 -78 82 -99 -58 -46 -29 -73 -79 -9 17 42 -46 -30 -32 2 77 -19 26 72 -51 -19 80 52 -61 -37 81 -21 72 -97
30 14 62 18 -32 -25 53 17 -86 54 -100 -87 18 8 56 13 67 65 -38 -97 -58 96 95 -17 89 87 -24 -63 19 84 53 65 5 55 -49 93 60 -31 80 18 54 -29 -12 13 -73 86 4 -61 -12 -34 -37 53 -71 -72 43 71 80 48 24 -6 30 -48 -78 -48 57 81 -53 -25 36 -61 -49 -77 22 36 63 26 -18 -99 74 -34 80 -19 98 14 9 50 36 -40 -89 9 27 -58 -59 -70 64 14 -77 -8 -9 -76 -53 -91 71 -34 52 -54 45 41 -3 37 81 -53 9 19 -71 -66 26 -47 95 93 20 48 -30 -94 24 -54 46 -31 61 -30 59 -4 -33 98 1 70 -10 22 76 -65 -39 37 -45 7 -1 -84 28 69 85 -31
-29 99 83 37 -30 -68 -18 68 -79 12 -96 36 2 -14 1 35 -7 42 -73 10 -47 -32 80 32 -78 -88 -50 35 -59 -31 56 17 11 -35 -87 -33 -37 49 88 97 85 -54 39 -20 82 -24 -37 -24 -23 38 -36 54 -90 -28 12 -53 89 0 -73 77 99 -83 70 -16 -10 -34 38 -46 48 50 -6 -18 -87 -83 -56 22 -83 -10 48 -3 -25 72 59 -90 67 -75 81 36 -73 -73 27 -3 -5 -4 -61 95 37 42 42 53 -92 -25 -70 -93 -46 71 -12 25 -30 -32 33 -8 13 -22 -98 -70 46 -40 -29 -76 83 -10 100 64 -67 48 -41 89 76 -52 10 2 -39 70 -93 3 92 7 -10 -57 85 -45 65 29 -50 24 -59 58 -57 24
-36 5 56 -51 71 67 1 -77 -48 10 -9 -10 12 -88 -81 9 27 11 32 32 -88 7 88 -61 -12 55 -8 -83 -57 81 16 32 -60 -86 -91 -98 -31 -9 23 -42 -45 -69 96 -6 48 -47 -24 -9 5 -97 36 -39 40 -44 -59 -51 95 -82 -23 32 41 -16 97 -62 55 -43 -29 71 -60 -68 3 -13 45 86 98 88 2 28 16 71 87 21 81 64 -25 17 -51 -63 -29 23 72 -97 -42 27 -77 -15 -57 53 70 -33 34 43 26 73 48 37 -31 -12 -79 49 35 56 83 -9 -20 41 53 -7 61 81 -84 -96 2 77 22 -34 85 100 -52 -9 82 -97 -73 26 10 -47 -14 -44 17 97 -41 -38 33 -6 21 -15 14 -84 -26 55
64 -58 -15 -42 -81 -17 73 -34 29 -60 17 40 -53 -24 6 51 -95 -81 18 -70 99 56 -67 82 37 56 63 48 -13 -81 -68 -44 -72 29 -98 -46 -12 -4 -63 -1 -47 32 -72 -49 4 -93 -14 48 -7 31 5 -4 -91 93 96 -84 -6 10 -56 -71 47 27 2 -95 89 6 -4 -99 31 35 69 -33 -42 -32 45 -50 -54 -100 42 46 8 87 1 38 75 100 -39 87 -41 -78 -39 50 25 -67 -22 -37 -83 -85 69 31 45 73 46 94 -87 7 62 -20 95 19 27 -75 -14 21 56 77 -29 -59 -3 -75 -35 -93 14 -34 -2 83 43 -87 -27 76 -65 50 -16 -65 28 14 74 -27 92 65 94 61 -59 -57 -89 -37 -98 32 52 -9
55 12 40 -81 50 -96 -92 -55 -75 -24 -12 -83 72 -50 91 88 91 -14 12 -13 -74 10 80 49 60 -86 -47 -99 -29 -86 -47 84 57 20 -16 -63 70 73 10 -83 45 47 86 -60 16 83 70 -39 58 -7 29 -69 -77 77 -99 -37 21 -95 87 35 19 56 77 -17 49 -41 16 -88 41 -72 -42 -51 19 20 29 41 -56 -23 -89 -39 84 51 24 35 -76 66 64 61 -1 74 -80 55 -86 33 67 -62 -29 -6 55 98 -70 72 -74 -40 -85 -37 -48 4 55 22 -73 21 -47 79 88 66 -19 69 44 -21 24 -32 -19 -88 36 37 -9 -80 28 13 44 41 73 29 -3 -38 -47 22 -81 -34 -50 -84 3 -6 -28 13 -20 94 44 -28
-85 -70 18 32 -89 -65 -95 -99 19 -85 -26 91 -73 23 34 44 -28 -15 -27 69 -55 -41 -40 48 27 40 40 -46 68 -9 64 21 -40 49 -4 33 11 -31 -80 11 14 -6 -59 -80 68 -47 -71 -36 2 -94 7 -75 -76 -15 7 -87 -29 19 -87 40 55 97 -99 37 -72 -55 -13 -54 -44 100 -34 -12 -33 -16 19 -33 8 97 15 75 10 -44 91 -22 -71 27 -65 1 20 -7 -83 -65 -91 -59 65 99 24 -42 72 -2 97 -74 -66 79 82 42 -31 99 92 52 -2 29 -19 -37 -38 56 -11 -21 29 -56 70 -5 -82 88 42 -18 87 -81 -90 57 42 -95 -27 31 6 -23 18 43 88 64 -2 69 -83 -87 -82 75 58 45 -15 78
-89 4 -49 25 35 -92 12 -57 1 50 1 15 81 83 52 -61 -19 6 49 -75 -70 -43 -61 73 -68 7 -14 -82 -36 -61 3 13 -55 -83 64 -46 -10 50 -22 64 22 90 -61 -12 52 24 89 16 -74 49 2 -93 -6 -36 81 73 -25 -65 89 12 -1 -9 85 -91 -13 42 87 -57 59 27 -51 -72 67 12 -23 22 68 -21 -95 -5 -8 -54 11 77 -71 82 -11 28 49 -94 -96 -49 -52 34 -43 12 51 25 89 -33 94 77 95 -13 -65 33 -84 94 -68 -69 57 9 83 61 -43 34 24 27 81 50 -43 33 91 -26 -76 -4 -74 -2 -31 -59 46 -14 81 -93 -83 -69 79 38 4 55 -94 4 -15 -9 30 22 -6 -10 -38 54
18 -71 -41 83 -27 -21 -97 -84 31 31 68 -8 -90 -36 -11 -99 -12 8 83 84 -48 20 92 99 55 -71 44 -86 -75 27 -61 -82 -89 -1 -10 -99 -48 39 45 34 -27 95 13 -99 25 18 -9 81 90 -9 -86 13 -27 18 12 -89 86 98 -86 31 -43 -79 90 43 -6 38 -85 -28 -26 82 -79 12 -87 -66 -27 100 -20 10 46 -71 -4 -75 12 -73 -54 17 -61 -17 -69 92 45 53 7 -21 8 0 -24 -34 -12 53 10 6 26 -32 -2 13 -62 39 -77 -100 60 88 63 -5 0 -16 7 -48 -20 -15 98 -73 -67 10 -97 45 42 -48 54 -36 71 52 -12 97 68 36 -15 -26 27 56 98 -19 -63 -33 -75 -40 -96 8 13 -88
34 -98 4 4 64 97 51 74 -27 -16 55 14 -12 -22 -30 49 10 74 -7 -38 -39 -48 -65 -66 53 41 -51 -22 -17 90 -82 -87 27 -97 0 79 -94 13 -97 66 -10 -39 -27 -92 -99 -83 25 -59 -98 -30 -64 25 -30 -42 4 -20 23 -99 -83 -48 -77 61 -46 87 -60 29 -61 -76 62 -6 -85 6 32 -86 52 35 43 8 20 -47 43 -67 -2 14 70 -96 -89 51 99 -51 1 -83 -12 -37 -46 82 38 91 -66 -51 53 68 -28 55 -59 25 -99 -62 -84 84 3 8 -59 -68 67 24 1 77 68 0 -25 24 26 4 -4 -21 -34 -78 39 -83 36 -24 -96 48 -37 -56 -88 56 -60 71 12 4 70 60 12 85 44 52 20 -32
-34 30 93 -26 93 -74 72 -64 -88 49 -63 -67 97 -2 2 -27 43 -50 -7 -97 -94 -43 -35 -92 -31 43 -48 -13 -24 -12 8 23 64 5 -15 -36 82 97 70 66 -33 98 -21 32 53 -58 -39 21 64 -63 -96 -81 70 -50 -31 -16 -8 -39 49 -33 65 73 58 37 -27 86 -42 -93 54 10 2 17 39 -12 -59 -51 49 99 -75 -92 -94 86 -62 -52 82 -41 -57 15 -60 58 -8 -95 -35 -39 27 35 66 -47 -70 74 3 88 -43 -55 53 -93 17 -12 -73 -89 -4 97 -98 88 64 37 32 51 7 -78 22 92 -39 30 21 73 -26 2 95 41 -96 -36 -74 99 -84 -99 -52 -81 -78 32 6 -95 100 38 53 -52 59 -44 15 0
48 -37 24 68 94 -94 -46 46 -36 -79 -6 -58 -8 -54 -100 66 13 -70 58 -20 21 -15 -48 -33 25 11 -13 33 -73 48 -2 0 36 -68 21 59 41 -50 60 -73 19 97 -79 25 83 -68 -28 -9 -57 48 92 -71 84 -21 -28 6 -13 16 95 69 74 35 -31 -6 -3 10 0 -7 -56 17 -32 -56 -52 97 87 41 51 59 -28 -38 -36 -35 -26 -91 93 54 57 17 58 -55 30 -32 -19 -79 -58 43 -18 -76 -37 70 -1 -74 -66 -84 -96 45 -11 79 21 84 -54 11 -9 100 47 -41 43 39 52 -35 -53 -19 -68 -99 28 -1 -3 -35 94 -57 -36 67 65 -2 77 16 76 47 -90 65 -2 -86 -7 -94 -17 -80 16 -91 -14 61
82 94 -68 -62 -100 22 -93 2 -92 48 -56 47 17 62 -88 7 -84 42 79 23 48 -65 5 50 90 56 69 -32 34 -70 -35 87 53 67 91 93 6 15 51 -52 -66 -6 73 69 -45 26 -3 56 -84 81 24 18 89 -38 -81 90 99 31 100 13 -90 92 21 22 24 -50 2 26 -28 -91 55 -29 -75 -81 -51 -73 -49 -5 42 82 93 -16 4 -12 -66 91 47 53 -2 -68 56 88 -66 -71 64 -97 60 85 -72 32 47 -58 -19 66 54 -62 36 36 -98 85 -15 -63 8 35 43 -69 86 -2 -97 19 21 28 54 84 -8 84 -79 74 -29 -16 98 -37 -64 -26 -72 20 -61 -99 -18 -35 99 -50 25 76 74 72 -82 59 -18 -99
79 -7 72 66 -45 73 41 -67 -20 77 79 53 16 3 31 14 95 -5 -5 -89 -45 -86 -51 -9 -94 -83 51 -82 -77 -26 -5 -74 24 -58 -7 -64 -84 -68 39 -69 -79 -95 -57 84 -48 -8 63 16 44 -16 -43 -89 28 19 -63 87 27 -26 -20 -38 20 41 3 22 49 82 65 3 -41 40 49 -42 18 5 -39 -1 99 44 73 -85 76 -24 25 -14 78 -97 5 -40 91 -98 58 -22 63 75 45 65 -79 94 -92 56 87 -77 69 -56 -92 97 97 33 58 -90 -66 -6 -27 74 3 -71 -9 45 -34 96 25 -3 -34 57 -88 9 5 -7 11 -40 2 -49 62 -76 -69 40 -34 51 -39 -75 -3 22 -55 -95 -31 -35 -39 13 -61 38
-80 17 8 48 70 99 -65 -95 47 -60 -44 55 62 65 95 21 12 -57 -80 -41 -61 42 -98 26 -50 -63 84 -36 -65 71 12 -95 -56 37 27 -77 15 95 -32 -93 42 24 -16 -39 43 13 23 -63 23 -78 40 -57 4 -59 12 -84 -64 -82 -50 -87 99 41 2 -72 -57 -38 -66 -23 -72 -6 23 72 -41 -80 -91 -97 51 -100 48 99 43 56 -74 -76 86 53 -40 92 -10 -5 -53 15 -18 -10 -93 13 -78 49 -43 35 78 97 56 2 -10 84 -9 55 49 57 87 -31 -33 -83 66 -19 -22 -88 -53 32 -58 -88 -62 45 21 -56 44 43 18 88 -84 -26 -37 90 83 40 48 48 48 38 -51 90 21 -52 -77 7 -56 4 37 91
-78 -93 68 -72 78 21 -94 94 -87 -53 9 11 75 -34 -22 74 -88 -69 26 -12 100 -58 -33 -75 -45 -74 74 99 -60 -42 -94 -80 96 14 42 78 73 91 -42 -95 -40 31 -14 73 10 26 -39 83 34 -24 -48 69 -70 97 54 5 99 68 75 62 -56 71 -36 40 -78 -2 -95 -6 84 -4 -97 -50 95 10 86 99 -81 -18 34 59 -46 46 20 -71 80 52 32 -89 -67 -20 -92 -88 14 -56 -41 77 -17 40 -67 -31 -42 50 -67 95 -33 -61 -76 -88 -63 -99 -18 -80 64 33 -11 55 -55 25 -46 -72 -33 -46 -61 25 -23 -52 28 -46 33 -51 97 67 59 -44 -46 -44 35 52 -82 -88 -77 12 -34 -37 48 -96 33 37 84 -36
54 -25 -51 24 41 57 31 -22 -40 76 63 -71 -86 8 -58 -81 -41 37 -43 76 77 2 55 -4 71 98 39 73 -36 -34 92 19 -70 -79 -32 69 60 65 -66 -59 8 -5 6 16 -22 -30 -46 -97 83 31 47 55 -50 86 -3 49 53 10 99 89 -4 33 -93 -89 7 57 51 -1 -62 79 59 -32 -89 20 76 -78 19 29 82 1 94 61 -7 37 -80 20 -80 -47 -58 -85 24 -1 -100 62 -51 -54 -47 27 -84 26 18 -59 -60 -1 56 -33 -42 -42 7 -75 -83 -27 -19 -15 -97 -92 -82 -42 67 89 87 99 -52 -60 18 27 26 79 37 -4 -4 38 -43 66 -17 -31 29 -75 40 88 -59 97 -79 66 46 -79 -36 49 76 -27
-86 61 -33 6 -63 -17 -50 -32 -17 33 24 50 96 61 68 -23 68 -48 -46 31 -83 13 -52 -57 3 -85 -36 -26 9 95 -37 20 25 75 -98 83 -93 -11 -15 86 89 -78 -61 26 0 83 -1 -73 18 88 -31 -35 92 73 -78 14 -77 12 64 -40 96 56 -90 35 25 54 93 -8 51 92 45 -19 85 -22 -11 -98 -76 -76 12 -69 -61 -7 99 -7 55 -45 19 -39 8 78 33 -92 -53 -18 -100 38 -68 37 -77 79 -64 69 6 -61 -57 40 69 88 85 11 20 95 -91 84 -50 62 -70 -34 15 -69 -55 20 68 -10 97 -12 -81 -82 5 -41 -47 21 -56 -91 57 88 -58 -19 -11 7 -33 74 -37 -28 -36 -67 -37 -85 -43 -41
63 25 65 -5 74 -66 90 95 46 49 -66 -57 -23 -73 -13 -62 -85 -65 -48 -13 92 -79 -13 75 -22 100 54 77 -23 -16 6 93 -54 27 8 58 -45 -84 -99 0 9 -17 53 -77 42 64 71 38 -56 -95 68 71 -55 83 4 64 57 26 50 55 -36 79 -31 36 42 39 -30 49 12 -58 -65 18 99 -1 28 32 27 62 -55 -10 -2 -87 -62 -21 -13 18 -60 -9 -14 70 78 -17 71 -28 -14 31 1 49 19 -78 -43 -59 -6 -53 -97 31 -38 -61 -84 -49 97 -9 -12 -81 -86 68 -83 54 -82 17 51 -5 17 -44 -54 63 -84 -32 -28 99 -97 0 15 8 38 -79 -4 10 37 52 47 89 -81 42 12 66 18 20 7 100
33 -97 64 20 87 -27 18 -75 88 -93 -20 -44 60 18 5 11 36 -59 4 -74 -2 36 -100 15 57 -95 16 19 55 41 91 59 -100 22 65 35 -35 10 -66 -14 19 51 -69 -88 -72 -26 -71 -78 -2 82 -82 9 -57 54 -93 -92 71 -91 -85 -13 -31 -51 91 84 48 -36 -42 -38 85 -64 79 11 42 -38 -52 95 -19 26 -29 89 50 -76 -1 23 100 -5 17 42 30 -56 79 34 -48 -20 -21 -53 -38 -95 -93 -70 85 -13 62 -95 -47 -10 96 5 -44 -99 25 -70 -96 3 -59 49 -8 -44 55 -100 -16 65 -96 33 38 -94 95 -47 -17 8 -48 -6 14 -87 51 52 77 -33 -30 -34 -77 96 -63 96 -92 0 64 -53 -85 -16
49 7 -42 95 -37 31 83 30 -57 -87 -13 -56 56 -98 -52 31 86 37 -26 81 -95 -69 17 66 -47 -60 50 87 40 -53 41 -20 -12 -82 27 63 -32 35 -9 39 84 12 -16 -72 49 51 24 -36 -22 58 -53 67 -94 -4 -35 14 -48 44 -70 -59 -83 -100 -13 -30 -61 -72 83 61 83 -50 58 -6 -23 3 -34 -95 -17 -70 82 81 2 -22 -81 31 -3 -26 26 95 -53 51 10 51 34 -23 -52 96 -74 38 -70 59 3 -3 87 -40 81 -39 81 -38 -58 -16 97 -83 57 -48 8 83 -27 70 -46 11 -64 -5 82 -21 22 -48 51 -4 -31 -28 43 -53 86 -67 -57 33 100 -46 70 -1 -53 -80 -34 -73 -87 -58 -88 25 -28 -63
62 50 -26 -20 96 -81 44 17 -95 76 5 1 92 -64 -33 8 46 66 89 8 -55 -81 -68 24 37 -72 16 26 -98 -17 -61 86 -40 59 24 0 -21 64 73 -44 -1 -98 -39 14 63 61 -47 -87 -87 39 57 100 54 -1 -54 -60 -85 28 89 98 -38 -2 -66 -58 75 -14 -62 56 -53 76 -94 -11 -24 17 -100 91 -94 -69 -89 57 -10 -49 -27 18 -84 -54 27 55 42 21 92 71 98 -26 -42 -72 62 -6 -99 21 -91 9 -69 -88 49 -23 15 21 11 100 -35 84 60 7 58 -46 74 64 -75 -50 -26 -54 -10 -38 76 -18 10 83 34 -3 32 9 -84 -32 9 68 -27 9 -85 45 65 6 -35 -39 43 45 87 18 59 45
-22 8 19 -31 33 -18 86 -12 -65 76 -71 -21 29 -85 11 29 8 -64 -39 83 72 -61 86 -69 75 -43 40 34 -9 -29 14 -67 59 47 -84 1 93 35 -30 65 43 81 9 -33 -72 59 -94 32 27 -5 -8 77 11 15 69 -73 -42 74 73 -97 66 -45 -20 -72 53 -86 40 -73 -80 32 -52 33 82 -57 -42 -24 55 48 -96 -76 75 -79 -35 18 62 0 -85 -77 76 83 -90 50 57 75 18 -17 -39 13 -70 -88 -51 97 -82 -43 5 -4 -57 -20 -27 40 -29 -89 -86 22 32 -23 58 76 49 -90 31 59 -12 -52 -17 56 -88 -87 64 -22 71 41 63 52 -95 40 57 -91 -63 22 36 -68 5 94 29 35 90 89 36 -57
21 -65 -66 -96 81 -100 41 -28 69 -68 -94 74 -14 54 64 95 -63 1 -41 -30 72 25 37 64 -23 69 -56 92 47 85 -27 -75 79 -13 91 12 10 25 24 17 -87 68 -13 39 -75 2 65 -100 86 70 28 -61 85 46 -85 1 -12 -53 -75 -52 -77 36 52 -2 64 -95 -80 -33 14 -67 59 29 81 -36 -15 -48 31 -67 57 92 -89 -1 -49 -4 -23 93 69 -87 -40 -2 -10 -30 93 -24 -42 -29 -26 78 -75 0 59 -94 15 34 42 -6 72 80 44 91 -94 76 63 89 -18 20 -74 -74 -19 -5 95 -69 -49 -100 47 54 -66 8 -19 25 31 -60 88 71 19 87 -67 9 -4 11 0 -77 -25 -33 -5 -81 85 5 -30 94
-12 -35 -19 95 -90 58 78 -78 -84 -90 -62 53 -95 6 72 -33 -68 -2 -26 15 1 -95 -3 42 15 -28 99 74 83 -9 28 83 -25 78 -55 43 16 27 100 -87 13 -97 -91 -15 49 -64 96 10 -43 -35 70 -50 -98 13 22 -13 28 -89 11 -40 -75 -82 9 -50 68 20 21 12 68 -20 73 52 95 50 -3 92 15 -78 46 -24 -55 100 1 -73 12 89 44 31 55 -82 -56 34 -40 63 69 -66 95 -82 -64 49 -25 -84 16 -40 0 63 61 -34 -81 94 7 -54 15 21 74 -46 94 -11 -29 63 -2 -89 87 -93 82 62 -93 -41 15 -78 -54 46 -40 78 99 49 -90 -86 -55 -78 -59 99 26 41 28 -90 -81 -50 7 -64
-1 52 -8 -1 -54 -18 -61 -96 -9 -96 79 -19 38 53 -65 5 -96 100 91 73 -15 -28 -53 65 -33 88 -68 -44 -11 -30 -69 51 25 -37 -17 3 -41 -28 17 -84 47 -18 70 -23 -29 82 -50 -21 64 -92 -54 83 65 89 100 -1 81 62 21 -98 -77 76 71 -72 77 -16 -65 -28 -46 -72 -83 42 70 -38 94 -25 55 32 30 -49 -30 -53 76 -50 -78 44 -48 -42 -82 26 -47 -94 76 -27 36 41 -66 -16 -59 62 14 -54 -18 50 100 -30 -98 -42 71 -49 -47 -97 -89 69 20 -64 38 -52 -55 -14 56 -17 19 31 1 -5 43 -87 34 67 55 53 -92 -65 91 -11 61 94 75 1 -43 -45 63 -64 -19 40 85 -11 -36 94
100 -16 -30 -2 -70 -59 -87 -26 78 35 61 -80 35 -79 -44 -92 80 -37 -50 91 13 -72 90 -2 -14 -28 -5 -46 51 -19 1 31 15 36 -20 1 93 -11 99 -82 16 -44 45 -45 -5 2 -31 -80 69 63 -39 75 54 -52 51 41 42 23 84 -72 -23 -34 35 -85 -56 62 -67 -22 -13 59 -27 58 -72 51 27 -24 68 -55 -12 -33 23 -69 80 -46 -88 64 26 -13 2 -78 -14 -6 88 -90 16 85 -32 54 34 -79 71 96 -53 -75 55 20 72 -53 98 -5 -44 67 -52 50 -62 -74 -34 -38 -98 -67 49 21 -6 -100 77 88 -15 37 10 -81 -22 11 -36 82 -71 -3 -82 -57 -55 -21 31 -60 -95 -62 -37 76 3 -78 86 6
-69 90 -62 -22 58 -37 31 70 -88 -45 48 37 13 -89 49 40 -19 12 9 -15 -56 -73 -79 9 -33 -46 34 -55 -78 85 -20 -40 61 87 -56 62 99 25 36 43 -13 -77 19 -74 37 68 23 -66 -21 -91 -92 -68 22 49 -20 -46 47 -45 -6 -47 -13 -45 -96 95 84 -74 56 -8 77 82 10 21 1 -28 -77 43 -10 16 -7 35 57 -12 45 39 -12 34 5 28 -53 -71 -81 51 -13 28 -33 94 3 -7 10 9 -28 97 37 18 53 -37 -65 -74 14 -74 9 24 88 31 -74 14 23 -25 -48 -14 -98 78 -29 41 -90 84 100 4 -41 48 1 48 -80 36 98 -52 62 85 -46 91 -2 -30 70 -3 -12 100 -10 47 75 96
-86 -26 -90 -88 53 33 -85 -96 -16 0 31 25 -90 -27 53 12 -26 93 67 -6 53 -36 -45 53 26 -5 -6 -73 -7 54 -74 39 -45 -11 82 -49 97 -41 -48 -60 -64 -86 66 41 56 -34 32 -29 -62 -11 -42 -99 94 -5 98 -15 70 -10 24 5 -71 -4 13 -34 40 -64 -77 73 -60 -22 8 -98 -26 92 -24 20 38 -46 96 56 -45 -55 -68 -22 -94 9 -57 -20 76 -64 18 -48 -58 53 -85 -73 82 -82 70 41 -51 86 8 -33 58 74 59 -12 -7 27 8 28 28 -68 -28 -42 -58 14 -36 -68 -68 -66 65 38 54 -5 17 -32 -16 35 13 17 56 27 67 99 95 69 -90 87 -43 20 97 9 -29 45 85 -78 81 34
-22 1 96 60 -29 89 79 -24 57 -59 -44 -57 -5 -45 -33 6 70 43 57 -79 70 -56 17 76 -91 89 0 21 -50 0 60 69 -20 90 -28 -7 33 1 -71 97 33 91 4 -94 83 -9 43 35 87 50 -19 79 -78 36 -79 11 -83 -33 -4 -20 27 -5 24 -10 59 76 3 23 -71 -64 47 -81 -12 42 -15 43 82 3 -10 85 -31 -1 78 6 4 4 -28 44 -67 -70 37 -62 -89 75 -55 22 77 67 74 22 -17 -29 -74 75 -23 -76 -69 -2 10 10 16 100 18 31 -28 42 -57 1 -49 -15 -8 9 -53 -74 -98 87 -22 -76 -53 85 -62 50 31 98 65 -92 54 -27 -21 45 53 -66 26 87 -42 89 59 71 52 -89
1 80 23 85 11 -4 -41 -98 67 91 20 -21 -21 -40 -70 -90 90 -69 31 95 -57 94 -99 15 -73 59 82 31 -45 41 63 -63 -74 -18 -90 -47 -61 -10 -49 87 18 -65 -95 -94 -59 22 100 -32 23 11 77 79 5 26 -65 -81 -21 62 89 -51 -50 -74 24 -87 -26 -34 65 -19 -74 -19 57 85 -66 81 -94 -89 66 76 -56 -50 39 11 -35 -5 -97 78 20 79 -25 25 75 34 -7 89 40 -29 -96 68 35 -35 15 69 16 4 71 12 5 -37 49 -17 72 73 41 75 6 -31 -29 -5 100 5 -39 63 -77 -62 12 -86 26 43 -20 8 -95 61 51 10 9 26 43 61 -32 48 80 34 14 47 -25 48 -15 51 46 87
