-81 -21 28 83 -22 56 -100 96 71 96 47 -94 -43 56 22 -33 -52 60 95 65 25 -78 -61 -6 18
2 -42 10 -78 -94 12 56 68 82 -67 -4 -4 -46 -35 50 19 48 -9 11 22 -9 -44 90 -58 89
36 57 -94 67 -37 -75 66 -38 -21 39 -69 -38 54 -58 81 74 93 86 -8 -20 75 -55 52 77 3
-75 97 -5 60 80 -37 91 -89 76 6 96 100 -71 58 56 -85 26 99 35 71 29 65 -66 -92 57
-65 -74 -82 24 68 26 -23 -88 -56 30 -64 -96 58 -31 -75 3 -59 56 82 87 -34 77 -64 24 -12
0 -13 40 -52 -39 20 98 -74 -15 12 84 43 -32 -56 65 -2 -39 -53 -67 -7 -87 -83 -21 0 57
-27 4 98 45 -74 -38 -54 -95 41 1 39 -21 57 -26 -80 -97 -38 -74 81 -6 57 -92 76 39 -85
35 -23 -64 52 42 -95 -53 -45 64 56 49 9 -24 -51 5 45 86 73 34 -29 -80 38 -82 21 13
-57 -75 9 -57 -16 11 -59 9 -43 -84 -90 75 -80 65 -58 22 -2 68 27 -56 -20 -17 -9 -77 -46
-78 28 -94 -26 -30 -76 -69 44 69 15 -41 17 -36 -93 -87 6 9 -10 40 -41 -86 42 79 -94 23
44 71 86 -97 -18 63 11 -53 1 -39 50 43 86 77 6 6 47 4 -78 -8 11 36 6 -22 -29
56 45 55 -26 38 -56 37 75 79 91 -57 78 -92 62 52 43 -21 34 -84 90 54 -80 68 6 -3
-94 -97 -92 -96 9 90 10 -81 28 17 74 28 98 21 -31 19 -89 -41 89 -4 99 87 -94 88 0
-10 -63 -97 11 -58 68 35 -23 90 -60 -83 31 -92 19 48 65 -3 49 10 -88 -5 37 -96 -70 0
-96 19 49 -18 -19 -97 35 -75 11 -91 -18 -98 -56 33 62 -20 70 0 -91 -20 -48 -1 -34 62 -68
-42 5 -67 32 65 -79 28 -48 -22 -12 -37 -65 -63 87 -46 -43 19 -57 -19 -40 -16 65 70 17 -40
63 44 56 -54 -87 -75 27 38 28 -29 -92 70 -11 32 -56 0 -47 -66 78 -45 4 15 -89 -26 89
-64 65 -97 -42 -93 30 -17 23 54 9 -83 78 78 95 -58 -84 25 78 -94 -36 -57 -14 81 -42 -91
-22 83 4 67 -42 -25 -79 10 0 -48 -1 -98 -64 4 -95 19 72 -90 -55 61 -72 -7 51 -56 18
100 -49 -62 -44 -45 -11 -73 -82 -9 72 -28 -95 -66 55 -15 92 -5 -70 40 -93 87 -66 -69 80 -42
5 36 29 18 95 14 93 55 -29 72 -18 45 -60 97 7 -91 44 27 100 42 53 71 -50 -22 79
72 -9 -13 88 -69 -45 100 -86 73 33 -13 45 -93 -91 58 -41 -59 -41 2 62 -46 18 16 -71 88
45 -22 64 -48 52 51 72 72 91 -61 0 -72 -90 68 -100 -29 48 61 11 -24 -67 1 -39 -1 -1
69 -84 -12 21 -74 31 -19 -81 -57 -64 -72 -39 -68 60 77 14 -60 27 -86 -29 54 4 43 81 -60
59 93 -94 -82 45 57 4 66 -88 38 63 77 51 -30 -9 -9 -52 -79 82 51 -94 30 96 1 84
