-12 75 35 -74 3 -100 98 -1 -1 10 29 64 63 -12 -79 13 43 -82 -99 -8 -2 48 -53 10 35 -40 60 66 -5 -29 66 -42 10 94 -94 -28 -49 -82 -75 36 85 -65 -78 -34 -1 -31 -65 -72 -22 24
35 -99 -56 -83 18 8 -35 42 -83 -50 -57 41 86 70 75 37 76 83 -80 -5 69 28 -5 -70 -8 69 74 -68 12 -94 86 60 99 64 -37 25 25 -9 -81 -31 -47 86 75 -35 -3 90 -48 55 -21 43
16 -60 -55 -91 -76 -60 -24 26 34 -32 -27 -86 93 18 9 -93 76 89 -44 -100 -100 -49 47 63 46 -75 50 -90 38 -63 25 7 -15 4 -63 -97 -28 -71 70 -61 85 -72 -41 -66 54 -93 98 0 -81 -47
58 99 70 -43 98 -99 -97 -33 6 -37 -9 33 40 34 19 31 17 36 -51 -18 -47 71 -78 -57 -19 18 50 58 52 -36 -28 59 57 -38 -88 -43 22 28 -80 -32 -51 -38 52 -43 70 -68 -13 54 98 0
92 82 -70 35 58 -99 62 -43 21 64 -72 87 -25 -82 -9 -63 14 18 -57 -20 3 -99 18 -54 88 -73 -57 -67 -9 27 75 61 37 -71 -85 93 -48 55 -2 -39 70 39 -48 -69 -12 -81 -9 100 68 16
44 -58 -69 21 84 -38 -21 47 62 64 -30 3 54 59 46 100 84 25 59 12 76 -68 38 -11 59 92 -65 80 27 -28 -68 -94 44 4 19 -41 -92 -21 -60 -35 80 89 28 13 9 1 92 80 -9 80
-95 68 94 40 74 26 -76 -90 -31 -16 79 49 20 40 89 50 17 31 -25 -89 28 -92 -17 -81 -4 -88 -4 98 -49 72 -58 -71 85 30 -27 13 -4 36 89 7 22 33 -81 -58 4 8 -18 -9 -36 -47
34 93 81 100 -77 -10 -60 -35 -24 -14 0 6 1 -47 47 -23 -98 -56 -25 73 65 -90 -31 -66 -16 -20 54 97 -32 -76 -3 30 -55 12 -22 90 -16 66 -40 -8 -35 -44 -87 -91 -81 -65 52 2 53 98
86 79 0 -15 -54 -24 23 20 95 -20 -61 62 30 34 -96 -40 -24 -63 47 5 84 8 -88 -40 98 -12 -62 -97 14 -93 54 68 32 -55 -93 18 81 76 97 91 73 67 -52 75 44 60 78 80 51 -57
-30 -58 -12 -43 -6 84 -15 12 -94 93 70 -20 90 32 -85 6 90 62 49 7 -94 -39 59 -25 45 -84 64 -53 13 -51 -7 -47 76 -16 98 100 54 -84 13 -36 11 11 64 -21 93 98 47 23 36 40
-30 85 52 94 46 14 11 -47 28 -90 -20 99 82 26 -10 35 -55 80 -89 -32 -30 26 24 33 -86 -18 -14 77 -36 1 51 -49 55 94 66 81 -34 25 35 41 -11 -94 63 -95 -37 7 40 99 -99 30
96 -39 26 -55 51 96 41 -48 28 -66 32 -18 30 -53 63 60 -21 -7 -94 -51 53 -14 54 -59 -79 19 -6 -19 4 -56 -69 21 -99 -93 -23 52 -100 20 1 -5 -48 -99 14 18 54 -40 23 -92 60 15
73 -75 25 67 44 -1 -69 -60 77 36 77 78 -35 -17 -50 -69 33 -11 -92 -45 -18 56 -3 41 85 77 -65 43 -71 23 -43 -87 26 15 -47 -77 -24 68 -40 -85 -33 -68 93 82 -38 -40 39 48 11 -26
39 45 -84 -6 -40 -40 20 39 -57 62 -98 57 -23 -47 -21 -79 9 -77 -60 63 93 30 77 55 3 -38 -85 90 22 67 31 -74 61 -96 26 -55 -31 87 -76 -54 55 99 -24 21 58 6 -73 -15 28 41
-54 -60 -36 4 -52 48 18 -66 68 86 -69 -33 100 75 -11 65 -5 -67 70 58 71 -98 94 77 2 29 35 -60 24 -93 81 77 -87 19 -38 7 -90 51 16 -77 -28 -2 -99 29 -11 -59 77 -94 80 -21
57 -23 -52 29 -43 -97 -14 -19 40 -97 -99 -1 51 -9 88 95 74 -54 -42 95 -45 -84 -70 -1 62 92 -50 -20 85 -42 85 82 91 73 38 42 43 85 84 -99 -15 21 -49 -84 22 17 -11 33 -59 -21
-14 -85 -60 89 39 -16 13 -8 -61 -60 28 72 -39 42 -93 12 44 -71 34 90 72 -48 56 18 69 -16 34 95 64 55 23 85 -18 -36 -81 80 -30 8 79 -35 47 76 100 72 -96 99 -72 4 23 99
69 -67 59 38 -44 53 21 -50 75 15 -13 -25 35 -7 69 -15 -37 -26 18 -100 -70 -18 -32 -20 18 48 2 39 12 30 -4 23 25 -98 -50 -8 43 44 49 55 -6 -23 -46 11 -33 -98 82 -40 -45 -98
15 -73 -40 46 -81 -88 -50 37 -36 -45 -15 79 -68 -35 2 51 44 54 -49 88 -62 -98 82 87 2 10 -17 -94 60 -9 -81 -100 -78 -78 -43 -85 -20 -12 37 -24 41 -33 -44 -25 -27 -12 -65 -9 57 -72
-28 -87 79 -47 -83 -36 42 5 -57 15 9 -82 49 51 99 -79 61 3 -64 0 -8 -97 -5 57 38 5 -76 18 21 -85 -21 77 -2 15 -70 -37 26 -70 73 94 -39 -47 10 46 -80 10 66 43 68 -88
-51 -29 31 79 14 72 22 63 -71 -63 -50 31 -13 -51 -94 -8 -67 -99 30 -45 -81 12 87 44 -81 -35 3 63 58 -45 56 56 -18 21 94 63 81 30 52 0 81 -57 -35 -47 -19 2 -69 -46 57 28
36 37 42 12 -6 -50 65 79 -2 1 23 34 67 -15 31 -39 74 87 -51 23 -7 -43 88 23 100 -13 51 91 -13 -52 18 -59 98 -72 -33 -86 31 -79 -89 -36 82 20 -49 -97 -8 5 -34 73 -51 -84
-88 -43 -54 25 64 -62 -17 23 -26 -70 91 -91 -46 -51 -22 79 96 41 100 13 22 3 -58 -78 -90 60 -72 41 46 -47 -75 -45 -12 -71 -27 75 -70 70 49 -64 -37 62 88 -52 -90 -3 90 -42 30 -16
27 42 -90 -18 -54 12 -19 -47 -19 -15 -50 55 39 -10 -39 59 35 88 62 35 7 90 58 -20 -83 -13 -13 -68 -97 -28 -30 3 -18 10 37 -7 79 -43 -100 -90 -62 -95 -18 -72 21 -6 92 2 -57 39
-44 3 77 -23 -96 12 -77 15 -32 -91 -7 28 36 66 -73 -51 71 7 -15 0 -45 3 -92 89 9 92 60 3 -7 17 92 -79 37 -54 -73 39 -99 -39 -88 77 -69 -21 -25 -76 93 -33 -27 -95 -75 -59
-29 63 9 -97 -87 78 -74 -19 80 -80 -47 -24 15 -88 -22 -93 -45 10 -55 -99 72 34 -60 34 34 72 -19 -37 5 7 10 -39 -1 -30 -20 26 77 -76 -94 40 -55 -71 84 -12 31 99 25 7 82 21
59 52 -55 19 -80 88 -42 6 50 -44 -57 -96 68 -38 -38 42 -25 -42 27 81 -10 -73 50 83 -34 -73 -63 -22 -48 -93 -11 27 -36 -39 79 37 -67 100 41 51 2 -31 98 2 49 2 99 18 9 -53
22 -19 14 -1 -71 -60 -21 39 62 -11 100 59 48 -89 -8 72 24 -73 52 38 64 16 -60 84 -100 -14 26 -17 39 -72 34 12 -96 -66 21 5 -2 55 63 24 -80 -4 -36 -98 -11 58 52 56 -47 -68
11 49 2 -98 -91 -90 -1 67 90 60 -90 35 -24 -11 -72 41 37 58 -58 43 -5 77 -36 74 -76 97 -32 75 -87 -90 51 86 -9 88 20 38 -78 -36 -78 -78 -100 23 9 -71 -81 -68 84 86 -83 36
13 -77 83 98 -3 43 70 -4 -65 -82 -56 -23 83 22 64 65 -86 -36 2 -34 -25 57 13 -15 -3 82 -34 82 -76 45 23 -25 97 69 20 -71 74 91 67 -1 -88 37 31 -54 -47 -79 80 32 74 -45
29 -62 66 54 59 -74 43 -55 -97 6 86 -41 -11 62 -12 63 36 -90 -41 -67 -60 99 -6 0 -27 54 -7 -8 32 4 -18 81 -11 94 51 15 -26 36 48 -3 -53 -65 -23 -5 56 -21 28 57 16 -36
84 -66 -63 -10 90 -19 79 76 -35 32 86 13 79 -42 31 12 98 30 84 -83 90 -43 -51 76 -33 -59 79 21 77 -78 84 -97 -49 -89 14 -39 -85 -78 -78 -3 2 -21 42 10 -64 -31 35 -11 -13 36
60 -27 -73 93 -79 54 90 24 76 -39 -67 -100 9 -74 -96 -59 26 95 8 -72 49 79 8 -52 19 -10 -87 -53 90 -32 -7 -9 -7 -10 68 -21 -42 -48 -3 30 -63 95 78 17 86 36 -93 76 -65 -100
5 -25 -57 47 21 -98 -77 46 24 13 -57 6 88 33 18 -32 -78 -59 -42 -68 -83 64 25 62 -84 -7 24 -90 -10 -74 -80 -23 -36 -19 -18 -5 -16 26 -19 9 -99 29 7 93 -40 3 -83 -85 -5 -17
-32 -62 -80 -80 57 -34 -35 -11 -11 30 94 -46 3 53 93 -23 -68 -81 -36 -7 14 -70 -2 -61 83 20 -65 -23 12 -52 -97 -28 75 -34 2 -20 4 75 -14 57 100 27 29 86 -28 -37 -50 23 -11 -78
-74 14 -32 -67 87 87 56 -3 65 62 13 12 7 -66 -31 19 52 27 67 -42 -15 -52 -55 73 76 -88 7 -61 -3 63 -49 69 18 -43 30 -64 -95 -18 -32 91 74 -83 -76 -58 94 -17 -48 -5 40 -21
-58 -78 9 -96 -8 -49 -35 -57 55 -43 47 87 17 57 -78 14 16 68 -51 -89 -34 -43 -18 52 2 -78 -99 4 26 98 -19 -96 -77 -34 -17 -21 57 40 42 -38 88 -69 15 32 2 -39 -91 50 -77 32
-66 72 -51 -18 31 -46 34 25 95 28 19 42 56 83 40 -25 -75 73 -60 6 84 95 -10 -75 5 -65 10 11 13 -48 -100 -5 92 61 -30 -82 79 29 42 49 -38 -77 -11 -36 -25 3 82 -54 83 -19
-5 30 -92 49 79 24 -49 27 6 86 46 23 -100 4 -32 49 57 -91 -69 76 -62 57 86 64 14 -60 69 -92 -3 -3 89 -60 -41 58 -97 10 -87 -22 17 -44 62 41 1 -89 -53 -35 -65 6 18 27
-42 -60 71 -21 -37 -17 -16 -18 -39 66 -99 -45 -53 68 -99 71 96 49 -35 36 44 1 43 3 52 -98 -78 -59 0 31 -100 49 18 41 -90 -39 -8 -58 47 -94 18 46 15 79 20 -83 -40 -92 -28 -96
83 -1 -32 -28 -10 28 85 -11 69 10 19 -14 -98 -36 -27 16 -2 74 -53 86 76 83 -56 -83 -88 -72 -39 -15 73 6 -93 -17 -97 -3 9 -80 -47 -50 -11 -13 35 -40 83 22 13 -53 86 -68 -44 29
-17 41 -10 10 -65 53 16 59 20 53 35 -27 2 -54 -82 -35 -25 -98 -51 -18 -20 -66 99 -17 51 45 45 -36 -95 -25 26 -32 58 66 -53 -93 -18 1 9 93 24 9 -33 95 -87 -44 -99 50 -52 99
-44 1 -67 -17 13 -57 -97 34 2 52 -41 -38 -13 -26 20 7 -4 -62 89 -7 86 -99 13 -59 5 -71 52 -86 -55 -86 -73 -17 37 -37 70 22 94 83 -4 42 50 -27 60 -90 -60 87 48 14 -81 15
41 98 56 -59 11 50 66 87 99 -87 15 -46 -81 65 -2 93 -53 95 53 -25 -73 -28 50 10 -18 48 19 -23 -21 -42 41 -30 12 -66 83 66 7 18 -81 -93 -1 -46 -90 -40 -35 -86 96 29 4 -19
-51 61 14 -24 -34 46 -17 -97 -98 -24 -13 -72 -99 -94 78 -84 43 62 48 77 -30 -14 -51 -1 30 -86 -27 51 -61 -69 -41 -92 23 -33 -82 2 -83 76 -59 -8 -81 -53 30 -26 -87 -28 72 29 53 -82
22 -4 -10 79 -9 -95 63 20 -73 -56 -50 -9 92 -57 29 -56 -99 40 -10 84 42 64 54 -4 -12 -95 94 -39 20 16 56 99 -67 9 36 37 -59 80 -22 -79 -17 -4 -8 72 25 69 -37 -33 77 -44
-19 -90 82 64 25 -2 -60 1 37 -97 -13 -14 -31 -72 -13 -36 47 95 19 -75 56 0 23 -88 80 -39 -67 -46 47 -95 37 42 -78 -1 91 18 94 86 72 -42 -6 89 28 -95 86 93 96 -87 -30 72
-36 98 -98 -91 0 -72 88 -74 22 -28 56 -63 46 -92 42 -28 -31 -22 20 8 27 18 -74 65 82 -5 -65 -69 -50 54 -72 -65 58 92 -9 -79 20 91 88 -53 65 26 -37 11 -100 80 -18 56 78 -4
-35 -70 80 85 -54 -25 13 46 20 64 99 27 57 65 -29 100 -89 42 84 10 -82 86 -100 73 -37 -24 88 74 96 -34 24 14 99 50 65 66 88 -78 89 -40 -43 76 -80 5 -79 -90 72 94 -8 -7
3 60 71 4 -43 -30 69 99 -30 62 -97 -93 41 5 18 20 -87 18 11 -6 -75 -44 -1 14 46 -77 -98 56 45 -56 31 -60 3 33 75 -16 63 6 -74 -57 -84 -60 49 -7 1 -67 95 5 -63 49
