15 -24 -34 -55 -54 50 -25 98 -62 96 81 45 96 64 18 -59 -63 -6 -49 5 87 -55 21 49 41 -66 60 23 36 -15 -35 91 -84 31 60 82 -17 -79 -85 21 -16 -51 30 20 -94 67 -56 -75 -57 -54 72 43 -11 -26 -90 57 -73 62 47 -91 73 92 16 49 -13 44 -98 -95 45 98 9 -22 24 98 55 6 -99 -21 73 -39 -53 -60 -42 -65 -32 -4 -36 -1 48 -22 83 -16 -20 -75 85 40 -68 -72 36 -72
87 60 -25 -45 84 35 -17 -88 62 13 -2 -44 -36 -93 60 36 24 -63 -16 -10 -57 -9 46 36 -58 10 69 -51 -64 68 87 -53 -92 -11 -46 -32 -5 -63 64 85 80 -39 -36 42 46 -96 6 32 68 97 -14 -46 62 -20 -16 74 -55 -19 79 38 -67 46 63 75 -19 -7 -20 -60 -79 63 -49 -51 73 53 -52 -19 -25 14 36 -64 93 73 78 -52 -55 95 65 -65 33 -95 -29 -6 81 -7 37 -55 1 -18 -52 71
-64 -39 -58 -35 -11 21 -60 -4 -21 28 6 49 2 86 32 38 65 82 -37 -72 5 88 88 42 -79 32 22 -73 -58 -46 -96 48 -80 -53 -70 15 3 98 -71 -17 76 99 -67 -51 -95 76 66 58 24 -27 66 97 -4 74 0 -81 -85 -38 -30 -90 97 4 35 -91 -72 27 86 -7 18 33 55 92 -65 -50 85 56 -24 -70 -10 87 51 -81 25 57 -41 -86 -21 -55 -48 -64 -99 48 21 -30 -36 86 72 14 4 0
22 -98 25 77 91 53 61 -51 -81 67 72 33 -23 -50 47 -50 26 90 33 21 -50 -13 -37 48 -68 99 87 76 -32 -73 94 100 -67 -98 27 22 21 -13 -3 91 71 -5 -21 21 9 74 -95 -77 -9 -56 -4 25 75 -71 -91 80 55 31 -9 51 -47 -52 -30 2 -1 60 99 48 -91 -50 60 -21 53 96 -16 -17 25 -67 -97 93 -31 -13 -95 97 -66 -100 -98 -52 58 -98 29 13 -20 -44 12 -85 21 38 -55 38
-80 77 -3 90 62 -53 68 -26 46 -46 50 82 -5 -15 -98 35 -97 -4 35 -16 18 -48 -65 -65 -50 47 -73 71 -69 -19 17 -26 -88 65 -42 -76 92 59 -45 -64 31 -55 42 48 -93 -41 -64 -90 -27 55 -90 -60 46 -22 -85 27 -60 0 86 84 23 -54 -80 91 -22 -43 83 17 24 36 -88 -48 -20 -33 49 -1 96 -56 17 22 80 79 19 -9 -28 -18 94 -39 61 -47 -68 23 -74 -25 -83 -13 -16 -89 21 78
-27 35 -97 -46 -14 -26 -45 -97 88 53 70 -20 -27 58 -92 55 23 -56 74 33 -65 -71 71 -61 -60 -30 99 72 6 46 -46 82 -41 16 -62 88 73 -47 -50 10 -87 -89 66 -60 -50 41 24 -91 91 23 35 63 -77 -91 12 18 23 -9 83 19 30 -5 -12 -51 43 -14 -62 -61 -64 -31 -42 67 46 -7 72 -82 -44 48 42 34 -87 42 -99 78 -45 23 -55 -48 62 13 54 -72 -31 77 -85 -86 56 1 -66 12
99 -86 -35 58 67 -96 34 10 40 -50 -59 -19 9 33 91 56 41 -82 -85 46 71 83 81 -14 -34 -43 19 72 19 -72 -41 6 -16 16 -87 -82 -69 96 88 46 -93 -45 72 -66 -37 -89 -25 47 -22 -13 -9 76 23 67 18 42 -18 20 46 20 58 -30 -95 -37 -66 -46 92 95 -46 -40 -53 -73 35 -61 97 -59 -50 63 74 -52 -84 97 97 99 -18 10 -38 -77 -48 46 -79 75 70 51 -60 -8 -57 97 -96 -49
-43 -29 44 63 25 -75 2 -46 -14 51 68 -74 36 -83 53 77 88 41 -31 85 -91 -46 -78 -88 -28 -19 50 -20 19 -1 -36 -92 -84 -67 -35 21 78 -83 -16 -39 -32 72 44 -11 29 22 51 97 55 12 -10 33 -72 -74 -1 59 -5 -50 -39 -97 -3 4 -8 45 23 -6 -65 85 -63 67 -19 -57 -29 -48 -11 31 50 40 36 87 53 96 21 76 60 -46 -93 -87 -46 12 -33 6 -74 -86 -84 -4 -74 -26 7 -5
-20 49 43 37 32 18 72 11 -42 78 98 -69 -16 27 41 100 19 -22 55 4 74 28 59 5 -35 -6 6 70 70 -23 -50 63 -93 -48 3 -12 72 -17 73 -9 -43 1 -52 -44 -78 -84 -75 11 -65 -30 -14 97 -56 -44 96 54 -92 10 -96 -97 -16 29 73 -39 1 -45 48 -85 -36 -49 38 -18 -21 -48 -98 98 -1 -48 -85 -32 55 -20 -98 -31 52 10 61 35 4 -71 -13 -76 -97 -58 5 -92 5 -7 -29 66
-89 19 64 9 68 76 -28 86 75 9 -82 37 71 -25 57 -88 1 11 -45 -63 62 -84 -88 67 -81 36 -26 72 -38 -56 -56 -52 -12 22 62 -45 -99 -78 -90 -62 62 -37 20 62 -53 -40 75 15 87 96 14 1 -7 -70 -75 9 84 -53 17 -94 63 81 37 43 -41 -47 98 -81 52 68 -80 17 -98 -33 56 80 -77 -9 37 88 -71 -57 -39 -9 5 -25 63 -65 56 70 -28 99 -2 46 -40 94 -22 71 -10 55
84 3 36 53 13 39 36 0 -20 44 -58 -34 85 45 -10 67 -35 -74 52 35 -52 -62 -11 85 26 48 -88 6 39 45 -60 94 -38 -15 -42 -85 70 80 -87 45 65 -91 -62 -78 -62 48 66 -64 42 -20 73 7 -44 -62 77 98 40 20 -17 -8 -35 53 17 -24 95 -8 98 -47 -88 91 87 37 73 24 -42 3 -72 65 -89 -97 84 59 55 39 87 49 -94 71 86 -14 -61 -79 82 38 -19 39 49 -14 92 37
25 -46 83 -24 46 -38 58 4 5 42 2 -31 -89 -7 -33 1 58 23 -74 -61 -88 -58 22 19 56 12 83 100 30 88 -84 -32 -4 51 21 35 -6 57 24 56 32 -10 -66 28 81 53 49 40 -76 16 58 13 -42 -60 99 -98 -83 -48 -1 -60 0 2 -25 0 -29 41 -79 -46 -46 -72 -55 -59 69 -10 -16 70 86 -49 -21 -73 63 49 31 15 -46 13 -74 -60 6 -30 -97 -57 65 -64 -5 -35 22 17 -16 29
36 0 73 -89 8 -11 -26 -73 70 -97 -84 -83 -43 -59 -18 -90 -3 75 31 -44 -59 -93 65 -80 -37 7 26 -72 -23 62 -54 61 -27 4 -50 80 19 7 -57 46 -47 10 -55 -28 -52 78 69 -48 -43 9 45 -39 -54 39 40 7 -64 29 93 50 -23 83 -94 47 -90 26 69 55 -66 -74 -3 42 39 -30 -6 -89 60 85 18 86 -72 -97 -61 -77 -12 -49 -35 23 69 54 -100 43 -55 27 -21 52 83 9 95 -57
49 -45 -26 -1 67 52 11 -75 54 -93 94 -41 99 -41 -43 39 -58 87 -26 12 70 52 -31 -34 42 -99 4 98 -35 -87 75 56 -25 -8 16 -41 7 2 -36 13 -90 -79 -86 -48 8 87 85 -38 -99 25 24 -35 -72 -44 38 73 97 50 88 -74 -100 66 72 18 79 6 97 -82 -32 -61 -55 33 67 41 51 88 16 34 51 -61 7 9 -71 -87 100 -55 -8 30 -5 -44 -57 -51 -33 -77 37 42 -39 29 18 0
-77 87 -54 -2 69 49 77 95 -93 -33 76 -69 52 -17 -85 44 27 57 -29 50 -68 -12 -45 27 -3 35 72 -61 91 -28 65 -40 -75 -12 -18 0 15 -74 -12 79 3 52 -80 -64 -2 -79 81 -80 20 -6 74 58 -41 62 88 -26 -70 43 79 54 -94 -35 -87 -84 53 -18 30 73 -44 57 46 -81 65 81 -82 -59 -99 -18 79 35 49 98 89 25 58 -61 38 97 -40 -53 -64 93 30 -84 -85 -80 40 -89 -36 -50
21 87 22 72 15 11 -79 -46 40 -38 29 74 27 2 -36 37 -50 -66 -48 45 -79 -88 -51 -85 -93 94 51 16 4 -76 -49 48 -58 -68 -14 57 -93 -86 -41 -31 -38 -60 4 63 33 -47 22 95 26 -89 94 -17 -63 -13 67 -25 -62 79 -91 -59 -49 -16 1 29 60 63 60 36 -49 77 46 -100 -82 -44 -78 -51 -38 -16 68 -9 -96 -79 -45 -88 23 93 20 -87 25 98 -26 -3 -90 -6 21 90 -74 10 -67 -74
69 -17 -66 89 -81 0 -70 -4 32 30 -36 94 99 95 -31 9 23 -90 -85 58 -17 55 49 56 59 -20 89 -66 -10 -89 -52 -27 23 65 43 -13 33 -29 25 44 -8 -51 -77 -41 -44 68 37 -62 65 -16 -3 -90 -100 98 82 56 0 91 -3 29 87 35 1 25 0 18 -94 -43 -76 94 -81 70 12 -88 90 57 94 39 -51 -69 97 -33 -94 -47 5 71 -36 -62 46 7 -35 93 -79 33 87 -68 -55 -76 -96 14
-32 -12 -78 57 34 32 -33 -38 14 69 -56 -79 2 63 17 7 17 81 20 -86 -53 -86 -37 36 -96 -80 -64 16 64 80 49 93 83 66 18 -99 -23 -42 -59 -61 94 10 -44 -14 81 -7 -44 63 -7 -33 -41 28 87 33 56 33 28 33 -83 69 59 39 41 -96 1 52 -83 -76 -62 -64 -63 -83 38 17 43 -43 -92 -57 -49 -25 38 -20 84 -84 -16 -33 -49 -40 37 -34 -15 100 89 74 28 89 -19 13 -70 35
-35 2 55 89 24 -6 36 -18 -43 -20 -7 -7 -15 29 -51 92 -71 36 18 -4 40 -84 -85 32 96 1 -39 70 -79 -54 81 -17 10 -47 48 -50 -19 70 -36 12 99 -84 -47 92 36 34 -100 35 45 70 -36 91 1 6 -84 -31 92 49 -72 70 30 14 54 -37 -62 84 45 -55 72 -69 75 -24 26 78 -76 5 49 49 -19 88 95 -15 -14 -91 74 -82 -39 -83 -47 86 -85 -52 3 -11 11 -39 16 -90 54 -97
57 -87 75 96 48 10 -12 40 -56 87 -5 -90 91 -34 -13 55 -82 11 67 73 -24 54 -43 -12 10 -74 -48 -40 -64 96 34 -24 -7 -57 71 21 -19 43 48 -13 27 -52 -23 16 60 81 -61 79 -34 73 -51 91 35 44 -59 -48 62 85 -30 98 -52 -28 -5 -18 5 19 61 -61 -20 -70 -100 13 92 -33 -71 6 11 14 -22 -23 -42 30 -94 -23 43 63 -9 -63 -91 32 -34 17 -2 -65 -72 66 -81 79 -85 18
-72 88 -2 3 -47 19 15 90 76 26 -41 -11 -84 25 -92 43 -66 -91 82 9 -17 -39 93 -48 -39 62 10 -54 -21 78 -84 -85 69 65 -46 -32 -22 -71 13 7 64 61 -62 75 90 -56 -62 -6 -37 7 -75 64 -4 -67 -30 -22 32 -94 51 -17 -4 8 -81 77 18 -58 93 -81 -41 -26 -83 -5 7 -50 100 51 -27 35 -41 -45 -10 -14 51 50 -56 97 -46 33 79 -6 5 -96 31 -33 93 -97 -68 -6 58 26
-79 46 -9 43 17 -8 4 99 -37 -67 4 -15 31 -67 -10 -83 -5 -1 2 -65 -100 -47 -11 -70 12 10 13 99 10 -46 85 -54 48 -74 78 45 -59 -59 44 -3 78 -36 22 -6 -47 59 -54 5 54 -44 -50 -61 84 28 54 -41 54 72 -13 3 20 -80 -38 72 81 42 36 40 14 -97 -23 26 27 67 -6 41 -13 -79 -55 -57 16 81 90 24 -72 76 51 76 -99 56 21 16 -1 -49 59 10 28 61 -83 -62
-17 32 35 -60 32 -36 34 -89 -85 26 89 -57 -89 -73 83 29 -14 -12 69 -11 18 -91 30 -61 25 -60 88 -47 84 -96 -72 -64 91 9 -38 82 21 1 -43 -52 62 -20 10 -12 92 -49 -88 88 10 -5 -5 13 61 51 -16 -58 21 -55 -5 90 -98 -92 -69 53 39 -72 -31 47 75 4 75 -65 -22 75 36 26 60 -84 -78 -46 51 -87 51 -10 -46 -75 -76 63 58 69 -3 71 -19 92 58 94 56 -73 -57 -63
100 23 -91 40 3 -82 98 10 -60 -78 43 47 -71 51 -99 70 -72 -5 -25 -21 -70 -5 -17 48 37 -85 27 8 -24 -45 -2 82 -55 5 -63 -33 95 -71 -63 77 -9 -98 -93 -18 -22 58 44 51 -91 -14 -8 17 65 -64 -74 -65 55 28 27 9 -44 -43 -29 -92 -8 -47 8 -16 59 75 16 -92 16 -38 -34 89 -37 -61 89 73 1 100 46 45 100 -41 -100 97 78 50 1 64 13 -11 96 -46 19 -75 38 11
53 39 -74 -26 84 9 61 -50 -14 79 11 47 57 -66 88 -83 -45 96 71 -30 -66 67 86 98 13 100 17 -31 -13 87 40 -97 -5 3 12 -51 56 70 71 79 -57 -42 92 42 -44 -92 58 45 -41 -53 -59 -62 -91 59 -17 42 -63 -94 -82 -39 -50 87 -38 70 -100 -20 -23 53 -78 55 77 -6 88 65 48 -21 -39 65 29 -77 -50 45 -28 -100 29 80 -4 89 35 62 -18 0 -84 27 55 -76 -14 25 97 80
9 -2 -73 -81 98 -77 60 40 24 -87 -24 -82 31 -57 95 78 -18 65 -53 -57 -31 -76 -2 -42 22 63 79 -46 -84 -65 54 -81 20 48 -100 -81 -94 -37 57 -39 8 -52 -82 39 46 -2 75 20 4 16 22 72 96 -72 -59 -8 51 90 -83 26 64 57 -49 -30 55 98 71 3 6 64 5 91 -83 19 -51 -52 -49 27 -28 -26 -37 -24 27 -93 54 -45 -71 -54 -12 -71 74 -79 -77 -85 56 -58 -70 -78 99 -84
21 11 -4 -2 -48 39 77 -44 89 47 -6 55 -38 -91 82 -41 17 38 86 -27 24 75 -35 52 19 80 47 -89 69 -76 -6 72 -45 26 32 56 86 -93 41 40 17 57 58 42 -49 -29 -16 -35 -18 -100 -4 27 4 -47 -36 18 71 -54 -97 -99 -71 35 34 92 -85 -24 90 -33 -99 40 46 49 43 -50 -78 58 -63 24 13 -14 -29 68 -58 40 -65 -49 99 90 72 33 -28 53 50 -65 47 -43 -12 74 61 31
84 -28 -50 81 -11 17 -68 71 51 91 48 -92 42 -9 -77 -90 38 2 -24 10 -69 22 38 84 -39 84 -87 -2 -3 53 -11 -12 50 84 -42 92 -33 -98 71 -85 -11 9 -48 -8 74 -32 -78 35 -44 88 -24 94 -11 90 -26 14 -40 -58 -2 15 -85 5 -4 -47 -45 -33 70 56 -48 -60 -91 30 -72 46 14 -25 45 -72 -66 -96 11 -100 -25 -40 -78 -25 -19 67 40 54 -93 13 -29 -31 -4 40 -47 93 67 59
-99 26 -11 51 59 27 -23 84 82 -75 19 -100 -27 -7 83 -21 40 24 46 -42 -62 46 25 63 59 72 22 -98 3 79 81 19 37 16 47 73 -35 75 94 19 -43 98 54 2 -31 50 -57 62 42 -22 -90 8 -29 -50 -57 38 71 -82 -84 -15 97 73 -29 -97 31 -41 2 8 -74 -44 -75 -16 -86 79 -19 58 43 -89 60 9 91 -19 67 60 43 75 -16 37 -2 -97 56 19 -10 -2 4 22 -27 83 -15 46
89 60 48 -99 -72 48 -73 32 61 -86 61 56 73 6 -19 -78 -11 -16 -45 24 2 -13 84 51 83 -92 -10 65 -67 2 -78 97 22 -55 -13 -97 -56 54 32 6 75 49 -54 93 0 64 78 -60 29 -7 -40 -42 22 94 33 -52 27 47 -47 -25 -17 -57 90 95 -16 -1 18 69 65 51 -48 10 48 -14 -52 -27 99 43 40 -41 -14 -19 -55 -94 15 -7 -85 6 56 61 -26 -8 -21 64 -15 -24 -78 57 84 72
22 -58 3 25 93 -20 -5 59 77 21 12 -54 -74 -44 -55 32 89 89 17 -66 -35 64 -11 92 47 -54 -45 -63 -98 -25 -4 55 -21 20 14 -54 -56 56 48 -25 -13 83 -49 2 -5 95 69 -35 -1 81 -49 -94 24 -92 -77 51 98 9 29 -6 3 16 96 20 81 98 67 -75 -44 65 41 -23 -46 44 -84 92 -21 -11 34 -48 73 -79 -17 -29 20 -6 -52 -92 -76 -62 75 -96 36 19 -33 13 70 -8 -87 69
-63 -59 11 9 -71 85 -98 -80 72 82 100 69 -56 -78 -76 -84 69 -99 -41 94 4 -94 22 88 -97 20 -76 -94 43 29 -21 59 97 61 97 35 -59 -77 -3 90 3 -14 -5 61 -25 6 -81 25 96 31 -87 44 -21 -19 18 87 54 -27 7 94 -93 63 -70 22 -8 24 -8 -72 -72 5 -100 -73 21 42 -48 94 -79 -75 29 -91 40 -22 26 51 -9 26 98 -41 -10 19 -27 95 46 -15 61 -67 72 -35 51 -41
51 77 58 -15 -56 -22 -18 94 -71 87 59 66 -72 -97 -1 17 -22 -62 -61 100 -4 -52 -62 -1 -7 -72 65 44 77 4 68 -22 -36 54 57 -59 35 69 -84 10 94 63 -64 -68 25 23 -83 -54 -74 90 -68 60 36 -5 -42 -18 35 -30 -6 18 47 -89 -29 -9 1 -20 45 28 -9 95 31 -81 -92 -80 -47 -21 0 -29 -44 94 19 -91 -17 -21 -19 -89 -14 83 22 -43 -7 -6 22 -27 -91 59 -27 99 75 -96
-19 72 -61 -83 16 87 -61 54 -46 70 53 61 -20 23 44 -32 74 98 -66 47 42 -59 -19 84 35 97 -18 95 -11 -78 -88 -47 -60 74 -94 -72 -8 80 -28 40 60 -18 -79 -31 -55 16 -34 17 -25 -61 -85 12 -54 17 14 20 -31 -69 74 52 66 100 -74 -14 12 -52 40 -3 12 10 0 43 10 76 67 -87 89 -44 -16 12 63 -58 74 72 66 28 57 34 -79 53 -3 20 89 -87 -92 25 -17 -76 24 83
-41 40 46 -20 88 27 -82 -79 29 0 72 -86 13 25 -46 -64 17 90 -4 -62 -53 -18 -36 -29 93 -74 -2 -57 -2 -41 -43 -20 43 -75 67 86 45 36 -6 -15 -6 -38 -17 26 91 26 16 -73 -2 17 -76 26 -30 -55 95 0 -72 12 -88 -86 -8 37 68 89 70 -80 74 -63 31 0 -12 -7 32 30 52 68 -41 28 -6 16 -62 63 24 9 19 13 -90 76 65 73 72 -36 -49 95 -40 54 2 70 50 -61
38 4 -1 100 -55 64 -43 -51 9 -60 82 11 38 -59 -98 -56 62 48 39 -85 -59 -18 -69 8 61 19 -9 -50 42 -30 13 43 -74 18 -55 73 89 21 -21 37 -55 -12 -82 -82 -72 -73 -63 -62 42 0 -68 28 72 -89 -84 27 38 16 99 18 -42 41 16 78 32 13 -71 32 -12 84 58 93 -97 -45 64 -53 -86 70 -70 -95 69 -44 -81 -61 45 -98 73 -21 49 -45 -6 63 -56 65 33 39 -19 16 33 14
-15 -37 -6 4 3 24 -69 98 73 19 30 20 -66 71 -32 -84 11 -40 -58 -51 63 -33 -23 34 -46 -82 -46 -31 20 -48 28 -6 18 72 32 -42 41 -1 -56 27 30 -66 27 26 -30 9 17 20 -24 -84 -69 58 8 -33 -46 78 -41 -97 -78 59 -35 -97 84 31 7 -68 -23 -15 -96 -87 -55 49 -60 -37 -56 -59 -71 -9 -69 26 93 -83 -77 -38 14 -25 67 77 -65 26 12 57 81 42 -61 32 -17 71 90 -88
-55 98 -39 -8 -78 70 24 38 -19 20 52 -18 33 -28 84 -50 -38 96 -95 -62 -53 -16 73 71 78 -71 39 -90 100 -7 71 83 63 33 -34 -43 79 14 -9 97 38 59 42 -54 -32 67 76 -66 -86 -49 82 -73 -94 -51 90 -34 61 98 47 -45 11 -92 -14 -6 99 32 -87 74 -24 -6 -28 83 -90 40 2 -72 -18 51 60 49 -96 81 67 3 65 28 6 -7 31 41 -70 26 81 -35 58 42 15 34 73 1
-88 -10 -36 57 39 -3 -73 -4 -68 7 -90 -43 -69 -6 15 83 -63 34 -6 -34 -18 88 34 45 9 -93 -89 91 90 -94 82 5 -59 0 91 -92 87 -86 -99 89 -71 54 84 53 -74 -62 33 -47 69 -94 -68 -28 -90 -1 44 61 10 -82 69 -9 -65 46 -85 30 85 -2 -99 39 -9 81 29 23 -7 -71 28 53 -78 -85 -28 40 -56 -52 43 41 75 67 -29 -96 -8 33 41 46 -70 -34 80 85 -44 -94 -36 -82
100 89 98 54 -92 -87 -69 68 60 77 -67 -31 52 -85 -13 -81 80 -31 -27 92 74 60 64 68 -16 -82 93 -50 -27 54 -22 26 19 3 -93 79 98 -86 -3 -49 -91 30 -87 7 -68 10 -64 92 38 62 -96 31 41 12 62 99 -53 -2 56 10 72 83 69 66 94 33 -46 -41 -93 -88 -36 -8 -12 -2 22 -83 -57 -46 48 -2 -95 -33 -54 -23 -41 42 55 98 10 -77 32 -64 74 -46 -32 -81 -31 -16 23 -53
95 -27 -75 -25 49 -2 71 77 99 -65 42 -93 -17 34 54 -4 20 25 59 13 28 -42 -8 -97 91 -74 -66 -36 -70 -42 -74 26 70 -24 90 37 77 -48 15 -59 49 -30 77 -62 25 -8 -36 -16 -80 -84 -61 -46 -9 -37 -57 27 -9 83 -91 -64 75 74 -82 -37 -70 20 73 -13 -15 55 35 -60 6 43 -44 79 12 -27 91 56 -92 84 -27 -79 -38 78 -33 28 -31 -53 84 -99 -40 -98 6 -81 11 62 -87 -23
73 -99 -83 -45 -13 8 -93 81 50 -49 -42 21 0 -43 88 14 77 -62 42 -44 -5 0 -6 32 75 -23 82 -62 81 56 74 58 -54 93 50 -20 62 59 88 53 -94 80 11 10 -96 -59 68 -66 -97 -83 -64 34 -5 5 81 60 93 16 65 21 48 67 -71 85 -27 -84 34 29 -73 -37 -3 45 89 -12 63 -17 -87 48 1 40 50 81 -66 71 -45 -5 92 -71 -54 -99 -63 -41 22 27 -31 -51 40 21 39 -45
31 86 43 -39 61 28 34 -1 33 85 -46 52 -88 18 -30 33 -41 -67 -61 55 -94 72 -93 -22 98 44 58 63 -57 -77 -97 -33 -89 61 18 16 -83 32 10 -76 -9 12 56 -44 63 -35 -89 -52 -98 84 61 64 20 -91 -22 57 -31 29 -65 -88 27 -34 -65 -89 -82 80 6 -86 66 -59 79 82 -59 -95 22 -21 -4 40 -70 55 -81 -60 77 -49 -82 -2 51 49 -1 -37 54 -91 -18 93 65 66 -24 38 -20 46
-38 -49 -23 -14 63 72 25 60 71 96 -32 76 14 38 94 81 -73 99 3 31 -21 37 -60 -14 -56 -73 21 11 -14 -19 65 2 -74 70 -4 -89 -1 -21 -14 79 -46 -81 -13 39 88 -47 3 3 -62 -83 -100 -18 -70 57 -3 -43 -93 -72 -82 100 -9 96 10 -41 64 56 82 14 -93 -19 -20 -73 -74 -94 -88 -88 49 -11 -38 -89 15 52 24 -74 57 -81 9 86 19 -79 61 94 16 -44 32 -70 37 -14 81 88
55 -72 76 -41 64 -82 36 29 -87 12 54 -67 -85 20 -12 32 -83 90 36 -53 -70 56 85 -24 -29 -99 53 57 70 -75 19 87 91 -71 -83 -99 64 -34 -37 87 6 -50 -37 -51 -17 5 78 82 32 71 -2 8 0 -42 -39 -30 41 45 98 93 -2 72 83 -35 86 10 19 26 6 27 67 -68 88 -5 -27 40 -8 -48 -50 68 -38 100 16 -78 12 6 77 18 -52 -85 52 88 -95 98 -26 -27 -52 42 44 20
-8 9 4 -96 59 -45 -7 -61 98 33 29 -81 -100 -78 28 14 55 65 -57 -17 39 -64 -57 30 97 -18 -15 19 11 45 23 -7 58 0 49 -17 -10 -37 20 -44 -48 72 -87 69 -40 -54 28 69 -36 62 94 -30 72 -24 74 -72 -99 -62 -21 56 -15 -13 98 41 -5 26 12 88 -95 42 -11 16 -85 -46 -53 -10 92 -63 -81 -74 88 24 -92 83 80 48 71 58 15 57 43 -56 -86 24 -12 38 -95 97 87 -78
75 21 85 18 97 56 -100 -68 -83 -69 49 49 44 -87 72 -97 38 59 9 48 4 56 -92 -57 -2 -68 -62 7 -33 93 78 79 -1 10 7 32 -15 0 -45 -92 -38 -60 -86 67 -44 11 -28 -45 -21 83 -69 -89 -100 25 47 -88 -55 -53 -70 -90 74 76 14 92 36 12 -49 -78 -78 -43 88 -36 -23 -18 -76 -38 78 -77 80 -59 35 18 100 32 25 98 23 99 -64 76 51 -56 -45 -84 -36 -13 95 -82 72 -64
-94 41 -62 70 52 84 49 -61 -8 22 -63 82 -69 -1 35 -19 92 -50 -72 90 -5 11 -1 20 36 -75 -80 -25 -38 -40 30 76 -61 -43 26 26 24 14 77 -27 -17 46 -54 -16 -50 -69 -69 -59 73 78 -47 3 -45 39 33 86 -77 98 -72 0 -34 65 70 95 -86 2 -86 -31 -46 16 82 88 89 -31 -93 -4 -68 73 -48 4 74 80 -81 -65 60 9 -19 -5 -59 -93 -7 67 -75 -89 36 43 -88 10 20 24
34 -68 14 10 70 12 0 51 -69 46 76 15 52 100 16 -26 38 -8 64 50 29 -99 31 -5 -44 75 4 13 -31 67 76 -8 -18 28 -77 -30 -2 -65 -43 58 55 82 69 19 38 -7 -16 61 9 33 -15 85 68 -99 -88 -19 -19 62 -92 -74 -45 31 -39 -32 80 -95 -86 71 -10 55 11 76 -42 20 -28 2 -78 -19 64 62 -26 -16 77 -65 -84 -35 16 46 73 21 26 -88 43 -5 -55 -30 -95 83 15 20
40 59 98 85 -77 -85 -75 -30 14 -24 -97 -77 94 80 -39 -3 -53 32 -90 -50 22 55 6 -98 70 -68 -31 70 -9 -17 25 27 -53 -71 -24 78 31 -31 -92 -76 -76 -44 18 86 -28 -74 -100 -91 44 75 -42 -8 2 -7 -74 94 61 -53 -73 -83 -51 -80 -75 -83 -31 -54 81 48 -50 -21 16 -10 18 -79 -5 20 -55 13 -59 -25 5 85 1 -60 27 72 51 -97 -37 92 12 -29 34 35 47 59 -9 -19 87 -4
-10 13 -56 35 89 46 -67 56 -24 76 -80 61 -20 -83 46 87 -25 -63 37 -25 21 99 -55 -35 -98 -97 -1 20 21 86 -34 -46 -67 21 87 -79 61 16 -27 -4 70 74 -20 -71 72 -48 -10 -2 -8 89 -38 -17 11 -4 65 -23 36 92 -28 -27 25 -31 -75 -77 74 -16 26 93 -64 96 -33 12 46 -27 50 48 7 -90 5 -56 -29 4 -75 66 -91 -16 81 76 27 32 30 -23 38 64 -33 -13 -40 -34 -4 98
82 30 -25 41 37 73 33 -3 -43 -41 67 57 44 -83 -8 91 19 -55 -21 -14 -87 -64 -42 4 -40 90 -84 65 -18 -37 -26 81 -42 -97 46 -53 65 52 -35 67 -18 -72 12 61 5 -28 82 88 59 2 21 9 67 97 8 -85 19 81 -72 -63 56 -89 19 -36 -86 -82 -81 61 -48 77 -74 -7 46 25 -9 1 49 -69 20 97 -40 -39 -43 -71 27 -55 -29 87 -94 88 38 -77 -86 -52 -86 -78 -72 86 -12 97
-72 17 -35 -65 52 -97 -39 67 -75 97 -53 -30 -88 57 -59 -91 -80 52 -37 -5 55 -40 89 7 65 -87 60 91 -53 67 72 97 -72 -44 60 51 -17 -91 71 -84 7 -54 -96 80 -92 -88 -87 -6 -2 45 -92 -90 -12 -1 -26 82 -59 18 60 66 -84 -72 55 52 -44 11 -22 -13 22 -86 -37 -81 23 92 -21 2 49 -27 -29 4 -11 71 42 -50 -78 -65 -85 -69 -6 -46 -36 -53 -70 68 65 -65 30 -2 -52 36
19 -41 17 -49 -23 15 1 -63 45 25 55 -70 -56 -59 -86 -10 94 2 28 -79 44 -84 98 -72 19 -48 -53 -51 74 -71 -27 -79 35 22 67 73 35 100 43 -37 30 16 43 -53 -68 43 61 -19 17 68 -36 -69 -84 71 51 92 -1 -50 50 -31 97 -19 -57 -14 -90 -94 90 68 8 -71 -76 -16 62 2 -3 -46 -76 -86 -23 4 -31 82 4 52 45 -97 19 96 -83 -89 81 22 -67 76 14 -7 -39 -3 24 74
24 100 77 -51 -23 -67 -16 -61 -39 -82 32 5 52 -98 -84 86 20 8 78 -5 -70 75 17 -91 99 -73 -76 -73 78 81 13 43 -61 -20 74 44 20 44 -32 -4 -88 75 71 -78 12 75 20 30 50 97 -34 -49 -99 -52 -75 -97 73 55 -23 99 -90 -56 -7 -87 -38 63 54 -82 96 -78 46 -60 -100 43 82 -22 -79 -2 4 -45 33 -84 -20 -78 -84 -17 61 6 49 36 86 -12 48 -62 -65 35 90 -23 -18 20
-53 -78 70 70 99 83 62 -95 70 -47 -16 -46 -92 -78 80 -56 -81 30 -33 28 38 -53 6 -72 55 96 74 95 -59 100 44 36 95 12 66 5 -32 -36 90 55 -41 -35 74 -10 94 75 -7 -14 -89 -11 -98 -66 -83 -82 -10 -34 45 61 49 56 72 -13 42 -69 7 -56 56 98 -62 -62 22 89 88 -45 73 -65 -73 17 31 4 46 -62 -78 69 -45 7 11 61 -26 67 -89 -43 -2 -26 99 -16 -18 -42 89 28
41 -48 -15 -73 9 -27 88 3 -97 100 12 52 -93 -46 90 -63 79 69 -49 -63 -4 1 -17 -3 -15 56 30 -83 18 91 51 67 -31 89 -76 -35 85 -50 -7 60 98 85 73 26 -8 17 -69 -18 -39 -70 -60 -97 60 22 -43 -83 -17 -5 -27 -45 36 77 97 59 -23 16 -3 46 20 -99 59 -7 -35 -91 -6 20 69 -33 -40 -54 -86 -62 100 -64 -90 -28 84 9 20 -90 -55 -16 90 -94 52 97 21 13 66 51
-46 35 86 98 48 25 -35 21 -60 16 -56 -21 71 41 -76 41 93 -93 -23 -84 81 17 -93 -34 59 -23 -38 -73 50 -70 -98 -12 95 -52 95 77 59 -3 -81 1 3 68 18 85 -60 69 35 -35 13 81 -34 -35 -76 55 60 18 -14 91 92 32 12 56 -64 -11 -43 -54 -9 -88 -40 58 -34 78 -90 -75 3 -35 82 71 81 54 98 43 81 -13 -99 50 5 9 45 72 -23 -6 -23 15 65 -86 -14 74 -76 -89
-35 -78 -96 -6 -29 1 -19 72 -43 72 -8 -51 43 83 67 -89 33 -11 57 -90 28 -1 -2 94 5 13 -98 65 8 -21 -86 -43 50 14 -24 37 -35 -65 47 -67 -58 -63 22 46 -37 -70 7 81 14 77 7 95 -1 90 60 -82 84 53 5 -58 22 -97 -13 -57 44 4 -25 42 100 26 -65 30 81 -68 -94 -6 13 41 55 93 66 -46 72 43 -36 35 37 -52 -57 -66 -28 82 55 -83 -54 -90 18 -8 62 -91
-70 68 -87 87 42 -37 -74 43 100 1 -60 6 -25 43 11 5 67 77 -92 -51 89 -95 81 -17 74 97 30 60 -49 -41 -70 -17 -45 57 17 76 -32 -90 19 -78 77 -10 49 -86 -58 59 -51 -30 65 -10 -11 81 11 52 -79 -20 -83 89 -43 42 55 -34 44 21 -94 -35 71 -2 -99 -18 -64 -18 -81 -70 30 34 0 22 -6 -98 -40 36 -60 66 48 3 19 29 -26 -84 -83 2 -12 -13 -17 26 -94 94 -17 87
87 9 44 54 56 10 56 96 33 -30 39 -89 18 4 3 -84 -63 22 -54 74 -15 -5 -16 -31 -79 68 41 76 30 59 83 -19 -70 -65 -34 9 -80 -78 62 -97 -61 -10 -8 64 97 -91 51 23 -89 -71 -89 -67 42 14 46 18 48 -35 2 -61 -75 16 -91 -26 -31 -36 -74 -95 49 59 -75 11 -28 72 13 -84 -75 -57 33 -91 -94 -9 -84 -7 -77 49 63 23 54 -16 38 -75 5 -11 64 15 58 50 75 -19
56 99 -39 -15 -23 98 51 52 -45 -37 39 -90 61 -47 -51 45 -80 25 14 25 59 -61 88 -60 -48 -71 -46 70 -25 -74 5 -35 30 14 20 27 99 -20 -96 60 31 9 -76 -27 -33 -63 22 -86 -51 24 96 -60 -31 0 69 47 -97 -28 82 -15 1 -92 20 42 1 57 31 -46 45 59 -10 4 -31 -1 61 73 -87 -2 -46 76 -49 -5 73 -33 -60 -73 -21 -69 -97 -57 68 -67 76 -28 -23 83 -8 -37 71 -19
-84 -21 -81 48 -37 -38 54 -86 11 -46 16 58 -30 88 -37 30 -99 85 -41 -73 -62 22 -13 -18 -23 -32 44 -80 -45 -89 6 -43 95 95 5 21 -87 -45 17 9 3 -90 40 -50 27 0 12 -10 -16 -2 41 -51 -16 57 67 48 -11 88 -70 50 83 95 34 -29 -68 -35 2 64 77 -25 35 42 -42 15 18 62 -89 54 -16 -62 -57 4 -11 62 90 78 -53 21 54 29 28 -66 -26 69 24 -29 51 28 37 -56
-21 -8 69 -1 25 -95 -98 -83 84 68 28 7 -48 14 77 35 79 -43 88 63 -90 -30 -40 29 -99 -38 -59 11 15 -41 -98 -3 11 13 -4 60 94 -17 -41 -66 -22 -40 -99 35 -39 -18 -27 -8 -72 18 17 91 85 27 -44 -53 -57 4 54 -70 85 25 -26 41 83 66 63 70 88 -64 11 -40 -23 -80 -84 -39 99 100 13 -98 85 -18 -39 12 -86 52 -70 -14 58 13 39 46 -39 94 -97 -87 98 -53 -12 37
-98 -98 -27 -76 -93 -90 32 13 -22 -32 -69 -22 60 -100 67 -85 34 97 -40 -67 -81 -90 76 -89 -46 73 -13 -65 48 -54 86 -71 21 -44 8 36 22 76 41 -98 -52 -82 -86 95 -46 -33 -67 43 -44 -5 -15 2 -68 75 -55 35 -40 94 66 -79 3 4 86 -25 -49 -68 -25 23 6 86 19 54 -85 -43 -11 -47 88 -91 -82 75 73 77 -21 -76 78 55 -69 81 -20 45 58 -60 16 -14 -79 -90 -92 41 -24 -55
-89 -56 76 -89 32 -65 46 34 30 40 12 100 -63 4 99 17 23 21 -30 48 -54 83 -95 -29 63 -77 -36 85 -82 53 93 -6 53 -28 39 -90 -87 35 -90 -50 -64 -31 3 -27 -55 -30 -7 -70 -9 -23 85 49 63 -74 -30 -75 -63 0 -41 -84 29 -72 30 83 -48 45 9 -96 -73 21 13 9 -36 -10 -46 94 -44 63 -97 95 48 2 -90 -94 -69 65 -98 -50 86 4 -2 75 98 9 39 39 57 27 47 -80
44 90 -15 3 58 99 81 -85 -88 30 27 10 25 -45 5 -87 91 -71 22 70 -5 38 95 -13 -79 -39 -65 -71 -63 11 -40 -57 62 -16 89 -52 67 80 -17 87 -92 66 1 63 -86 -19 -76 40 -54 -57 96 -37 5 -58 -70 35 93 -40 45 98 81 83 99 60 -79 -12 54 -3 26 -96 -56 83 35 90 -90 -25 10 -84 66 38 -37 15 0 -57 -27 68 -88 -97 36 -88 14 -30 25 51 -56 57 0 97 -15 1
16 1 -29 -6 67 65 8 -43 -98 -17 -41 -7 -8 -92 -46 -91 -94 -52 -61 -97 -1 16 -58 38 34 -74 -91 -46 93 -58 35 -38 -22 70 -32 -62 15 -70 35 44 17 10 5 58 -95 -5 78 -75 -65 77 -14 45 63 -81 -1 6 24 71 94 -36 -4 -78 3 14 90 -11 94 72 -79 -27 -36 62 41 -19 6 -32 70 -91 -30 -79 81 -57 83 -86 -52 -90 -66 -90 -90 13 95 87 28 9 22 -29 95 83 4 -47
41 -32 32 64 -73 25 21 51 90 -53 -34 -53 -99 -69 -90 -98 54 73 62 -2 79 36 42 41 -42 88 -54 88 56 -48 -52 69 -55 0 78 -37 -67 -91 45 -14 -93 -97 69 40 -56 7 -69 -76 -48 33 76 91 -21 -64 24 64 -65 -86 46 90 86 -2 21 -65 -87 -67 44 82 69 27 -50 -96 -64 43 -46 68 19 53 -96 -100 49 58 19 5 17 -85 67 -32 12 82 -88 -99 43 -86 28 77 -28 -92 29 98
-79 -25 52 -96 -4 -2 81 -62 -57 29 26 -98 14 -58 -3 35 -94 -57 -18 -17 83 24 99 -98 -80 40 51 87 -6 -22 -77 -51 53 13 30 38 70 66 22 -98 12 17 -48 -31 45 98 0 34 36 9 77 -49 5 -53 -7 -31 99 23 7 70 32 56 68 -32 88 50 -78 34 38 -19 26 41 -29 63 -80 -63 14 -57 75 -89 6 -75 17 -33 79 -21 15 100 42 6 -27 -26 -16 65 19 -62 59 -85 20 24
-9 -36 67 -68 36 1 51 33 59 -25 -6 -91 64 54 -37 73 -6 37 -74 82 75 3 -57 -51 83 7 -36 55 61 60 40 11 36 -3 -74 -70 84 74 11 -98 78 -39 95 47 -100 48 -35 85 46 -69 62 -43 2 97 67 -23 -64 -50 53 87 43 -72 83 95 -35 12 -94 -75 -95 15 6 96 63 19 -18 8 -81 -23 57 -12 -78 -87 35 84 24 26 -94 45 41 83 -23 -34 73 -6 -85 -21 28 -53 -88 -4
-27 99 -33 83 -41 68 -12 -100 60 -5 17 67 -82 -89 10 56 -42 18 55 -61 39 -33 -41 86 70 -90 -100 -31 -68 -13 37 64 -43 2 -19 9 -49 -92 5 93 -8 -62 21 -73 24 91 75 94 12 -28 46 92 -6 -90 -36 -1 95 -38 82 -43 -39 28 -16 97 63 95 -68 -28 -59 -29 75 54 -66 -86 28 -90 28 -33 -19 -6 -94 -85 -73 98 -86 98 35 6 -54 -100 -8 -79 -5 73 -4 95 -83 -35 70 -6
-8 70 75 -70 -26 60 -9 78 51 -89 89 30 64 -52 59 -43 33 100 -56 56 1 -78 -9 -36 -72 -79 -4 61 -31 4 -8 9 -74 100 -21 -67 26 -21 -78 96 -90 -53 -41 -90 56 97 -25 25 41 -66 15 -92 -87 -85 -76 92 95 68 59 -33 -11 23 -27 -28 17 -94 -79 42 97 -23 -74 -32 91 3 84 -38 -78 33 66 -23 -86 31 -2 17 -94 -2 99 45 -69 17 -32 -71 24 94 -66 -78 -92 92 -51 -65
-86 -72 67 98 -20 -79 73 18 -51 -58 81 -28 -26 -4 -12 -43 -14 -22 -74 -76 10 76 96 -91 89 -99 -49 -1 18 -78 54 -95 76 -69 69 -23 90 83 -64 45 7 10 -65 -56 35 -47 93 19 85 67 75 27 -95 -25 -22 -66 58 -99 -51 -39 -5 97 -44 -26 10 68 -44 75 -8 -92 56 -68 -20 -92 -22 54 -42 34 -53 58 -53 -64 58 -37 -67 -27 -75 17 83 60 40 75 -43 82 62 -26 2 -99 28 18
43 58 8 -16 -32 5 8 -61 -19 17 -26 48 23 98 -93 0 -36 60 56 16 -57 64 46 -94 -61 -65 -72 15 65 91 -45 -99 99 76 -68 -8 -97 43 0 19 -15 -18 -47 -6 6 96 -66 62 -54 33 -69 66 15 5 -27 55 -96 -12 75 99 -20 -25 -81 -22 -69 -66 6 40 61 -49 -69 -7 73 -76 5 -15 -23 -39 39 61 39 -33 62 57 -38 11 39 -72 -13 -25 -59 19 -70 -69 -22 84 -72 93 -86 96
-78 -27 6 -4 88 62 -64 -59 83 0 28 -81 88 -5 20 -93 50 52 -65 -11 14 -46 -83 17 -92 36 -85 -51 5 -25 -47 68 -16 -79 -34 79 55 48 10 -26 -72 -27 -36 -21 54 -30 71 -72 -40 -6 -20 -21 -91 -73 -93 19 0 -11 -88 -5 -72 -82 13 6 26 -3 90 -10 23 -35 70 99 -64 -8 20 12 -99 39 -54 -35 -54 24 -96 26 80 -56 91 -5 30 -43 -96 58 89 56 19 -29 20 -40 62 -15
58 -93 -20 -92 -33 30 -35 97 4 25 -56 -37 -52 -74 -29 -19 -61 -24 -21 34 64 99 76 46 -40 -56 -34 -59 94 -87 -16 -9 -1 72 -37 54 -41 -92 -57 -57 -95 -54 -16 95 -66 41 26 30 -29 69 60 -99 -49 72 53 -79 1 97 70 75 18 23 77 -96 0 -67 -35 -62 -7 -69 -29 -3 96 3 -30 96 71 -65 -30 86 -25 -19 -68 -54 -66 -74 41 21 76 -72 5 24 42 -20 83 76 -19 2 -83 61
-62 21 24 -91 78 -14 -90 46 36 -98 -67 -97 -21 74 -35 78 81 89 4 -69 22 -81 93 -14 75 -90 -97 91 -72 64 5 25 -9 -23 9 -70 -73 -99 16 -57 33 -79 -51 16 17 51 51 36 -11 -11 -60 -28 -5 -7 -79 55 30 -46 -63 -4 48 -49 19 82 -80 -15 36 1 -14 62 77 35 -41 -1 24 21 -56 -98 98 -93 94 27 -39 73 6 74 24 -72 70 90 43 -51 41 -13 99 21 21 -98 21 64
90 33 42 69 -26 41 -5 -56 -31 51 15 -32 47 15 4 95 -48 28 38 -66 80 85 28 15 -40 27 37 5 18 25 80 -87 45 -39 61 100 10 -25 39 49 -80 -78 -2 -30 47 -35 -18 23 -29 38 51 100 4 -64 -1 15 -8 5 59 -31 94 -72 21 -71 75 -73 32 -4 -95 51 0 74 56 14 42 -85 60 61 -91 22 -51 -88 65 77 -2 -28 -44 -29 100 3 -85 -71 42 -47 -86 -83 66 33 -36 -54
22 -55 47 -13 -38 -85 -13 4 -3 -7 41 -74 -13 -66 -99 14 -26 -44 48 -63 7 -72 -23 -34 35 -14 36 -78 -26 -76 61 37 -45 -67 -4 -21 -2 32 84 1 8 -1 -46 -45 67 11 -58 81 60 41 -96 64 -17 82 -8 88 82 57 -36 96 -54 -41 37 -75 -73 62 80 -16 33 -89 -51 -39 -15 -4 -38 -36 100 -87 -77 94 -43 -55 92 -2 56 -23 1 -78 22 36 47 -20 90 65 -76 21 5 65 83 98
98 89 -16 79 31 20 -96 -55 95 -29 88 -89 -68 90 86 -50 99 74 -56 83 -95 -87 -99 12 -93 -17 51 18 -21 52 90 -44 39 73 27 60 54 12 9 60 46 79 79 -64 98 18 48 -62 66 -32 -90 -58 -87 0 75 13 -20 67 2 89 -80 12 17 -24 -59 -57 63 20 5 -24 48 -89 40 -87 -75 -70 71 -80 20 -15 44 -15 -90 80 -4 24 66 4 95 86 -8 25 -38 -77 43 -75 -15 -66 -15 18
62 9 -44 -76 -99 -77 -7 -67 -25 12 -43 17 72 85 93 -37 2 -4 -18 -15 50 -65 33 -100 56 67 -8 -92 81 30 12 -53 49 -46 80 -64 98 -13 -31 -73 82 -31 -51 28 22 27 65 76 -82 84 -90 72 11 47 -35 40 -15 22 76 -11 -82 73 93 46 -43 57 -82 45 76 -49 -55 -48 70 40 -64 -97 -97 46 62 -8 40 -54 5 57 27 86 14 10 -23 74 -100 -58 13 2 57 99 -7 47 -10 19
-94 57 77 -31 1 -46 -21 -76 33 18 64 94 21 -75 -31 -45 53 32 -11 36 -88 -49 0 59 27 44 23 76 35 -44 -89 -35 -69 -59 53 64 54 52 78 76 34 69 -43 52 65 88 67 94 97 -61 77 49 -42 68 -47 -72 -18 -60 46 -53 31 60 -90 96 -64 49 29 -21 7 85 -86 -72 -65 59 -25 20 77 4 -50 83 96 12 -94 -36 -74 53 16 46 90 -42 42 64 69 66 24 80 -40 29 -82 45
-74 54 -74 -64 90 63 -30 -60 80 -52 -85 68 30 -94 21 -97 -97 -84 95 42 43 25 84 -57 -80 -24 68 -79 -22 30 95 -72 59 -70 32 48 -27 88 64 -37 -84 55 -69 12 84 46 89 -82 -76 -67 -43 78 -60 29 12 -99 11 -28 -97 -41 -82 19 75 26 -95 19 20 -68 60 32 -68 79 47 63 44 -58 30 51 40 -14 -39 68 -52 -33 -25 -45 -24 90 27 -5 -63 -78 18 65 -68 76 -36 -90 16 -54
4 90 17 -2 83 -99 -26 -24 -29 -47 -35 -25 40 73 -81 39 45 76 32 63 25 10 -38 -36 90 -54 -79 -2 -77 -5 44 29 99 29 -24 -16 0 -74 -93 -62 99 3 -78 -11 -90 -82 -90 -45 12 16 -24 -92 14 -2 -14 -92 -63 65 42 63 99 -42 -44 5 95 -2 45 -30 14 -72 -5 65 -39 90 55 72 98 -4 -39 10 92 35 32 52 -3 -38 -3 -31 -19 -54 98 25 -2 -78 67 34 70 -24 29 67
88 -57 21 84 -81 -99 -100 -11 -91 -23 -34 3 85 70 41 58 99 93 -55 -83 -9 29 -46 86 -72 -87 1 -60 -58 83 76 -61 -95 25 62 -47 -82 -3 91 -9 -61 71 24 80 -1 -81 -55 -63 -63 -74 75 -50 -89 -65 -35 -92 70 15 59 39 26 40 -54 63 36 -3 -98 -83 -37 12 37 94 -34 40 -35 42 56 -23 89 -36 -93 -79 -70 69 86 -65 63 91 -80 49 -64 -94 -32 11 -73 -38 -23 -92 -50 5
43 -24 -90 6 85 10 -96 -43 -40 -89 18 -61 -44 -99 9 52 75 90 -44 62 -34 -38 -74 0 -86 56 67 -52 65 32 -47 43 82 -36 -26 16 -29 -18 56 -55 -12 15 40 55 -54 83 56 -10 76 -20 67 58 56 85 -51 21 -89 86 90 8 -67 41 -50 -29 -60 44 31 36 74 -22 -99 54 -72 -30 -29 89 -45 75 -2 -1 -50 85 41 -90 -51 -16 -83 -45 -79 56 -15 27 99 -49 -5 10 1 -83 -8 -66
58 -38 -30 88 35 -31 -47 66 9 -82 -29 76 86 -31 -76 50 65 23 96 4 -97 6 68 91 80 -27 -50 98 8 -70 32 63 34 90 92 -31 -67 -18 57 93 89 -24 55 -31 -48 86 37 92 -98 -12 -30 100 78 -10 98 89 55 -26 79 16 2 -98 91 24 -72 73 58 22 100 90 34 24 55 -77 -15 48 -93 -90 -13 -38 -48 -76 -94 -33 -78 6 43 85 32 -87 -47 52 37 -6 52 88 -11 79 -87 -42
29 -6 -34 83 -91 55 -68 42 -22 -7 48 59 -55 100 91 -64 32 -97 13 -65 59 -82 25 56 -48 -28 81 -67 90 100 -15 -52 -77 16 12 -5 -72 91 89 31 -15 -74 -99 -59 39 -56 -74 46 -19 47 -25 95 -64 -81 -59 15 -66 52 -71 -96 -78 81 -65 77 -8 67 0 -17 19 54 44 -4 7 1 -15 58 50 -26 -27 41 72 31 -16 65 -58 1 53 6 -6 23 95 -40 -14 -19 -9 -91 10 73 70 -78
23 27 25 -8 51 -42 97 9 -87 34 61 87 30 -48 -17 -49 33 -90 -77 -23 -94 -25 -36 38 -43 -73 -65 -83 60 -1 70 -53 76 64 7 54 22 -48 13 13 -17 -71 34 -29 -61 62 44 -23 -88 21 36 38 -30 32 -89 -41 -48 -40 92 74 -63 33 51 -21 -100 51 -3 30 -37 9 10 27 90 -11 14 -80 91 57 100 91 44 82 12 -22 58 -98 35 59 55 100 -25 58 38 64 -72 -38 46 24 10 -62
-75 -31 24 69 -90 78 95 48 51 -67 17 -62 97 -29 43 18 -19 -15 66 -10 -61 -28 35 52 59 36 -61 -79 55 24 -31 -37 21 -34 4 57 61 94 27 -73 -100 -17 -14 -66 8 -8 -12 -91 -68 28 -39 60 27 -89 59 53 -84 -92 -82 1 37 87 46 -45 4 -82 -13 -36 -58 88 20 -81 44 66 -59 23 94 -21 40 9 -24 70 27 -54 5 95 -83 -10 45 32 52 56 94 28 -10 41 58 -100 -39 -38
24 23 -13 77 -20 -16 -88 -52 -76 55 -26 -36 -87 25 -40 30 -29 68 -15 60 -1 66 -42 -85 95 74 61 -42 44 72 29 42 59 30 -100 -92 -2 -98 -63 -62 -98 -61 -18 12 -22 63 92 -66 -72 -92 50 96 -78 66 41 -67 53 -3 28 -64 -46 21 -76 47 49 -13 -64 58 -88 81 13 70 -41 33 93 34 -26 -74 -50 25 19 88 -12 45 16 -2 98 -2 1 -91 -34 13 55 -85 -75 -100 -75 68 -4 97
1 -3 50 -26 39 -3 -88 36 21 13 63 86 -38 75 -21 84 44 -1 26 -79 -5 -26 47 -53 -44 26 -11 -89 -96 71 -98 78 -11 -47 12 -13 -22 20 70 17 3 -63 55 -14 74 -34 83 -4 71 -76 49 -68 37 11 71 -9 -15 -78 14 12 67 -81 16 -23 30 93 89 -62 24 -96 -61 53 -77 22 39 34 92 28 -29 27 43 47 49 -85 68 -28 39 10 -44 93 -8 -88 89 -4 9 79 47 -81 48 38
4 95 78 62 -21 41 76 -75 4 66 -13 67 -17 56 37 80 -29 97 35 -25 92 39 -38 -64 -28 58 23 -34 35 1 -26 -18 -91 89 -30 -66 -62 38 50 76 -25 -42 1 -77 -98 35 80 -41 -81 -92 33 -72 -29 -53 -1 9 -43 59 62 38 -18 -54 -72 -42 33 -25 -96 -49 -29 52 81 80 63 60 6 -38 5 -44 -77 -3 65 -44 67 -18 -25 40 61 17 -83 -28 63 19 20 -58 -12 -78 63 -81 -9 72
-28 43 -19 -40 60 39 -50 -44 -3 56 99 67 7 22 99 -72 7 -49 -79 -97 -76 -34 10 68 -5 -56 54 68 57 78 -92 81 -59 86 1 94 -4 -61 64 -90 -88 90 84 67 -23 -1 -99 21 -28 -18 39 -71 30 74 43 43 -24 -21 -89 40 20 19 60 17 21 16 -58 -75 87 28 -66 91 -63 -87 60 56 -82 16 76 -86 -46 28 -81 19 -48 75 30 -100 -10 57 73 -62 -24 67 -66 -54 -22 83 -81 28
-1 41 -74 4 51 32 -55 70 98 -38 -33 -19 32 -100 11 -79 -35 67 -43 78 55 -60 94 39 19 72 -48 -53 -48 -53 89 56 -27 54 96 98 -2 -98 -54 29 -6 89 16 -99 2 -29 0 -16 -70 0 -65 75 22 33 53 49 -3 -100 56 89 -44 13 -9 63 62 -100 15 23 78 33 -85 -49 -40 20 42 -58 78 27 81 30 14 -70 -23 -44 19 96 41 37 -5 -100 23 43 90 54 84 -5 -89 59 -3 29
-56 -8 -85 -29 93 62 11 33 -50 -91 42 -62 83 -12 -90 45 -87 -93 -6 -76 14 -28 12 -94 -54 -4 13 -46 21 39 -43 -17 61 69 13 -48 5 -65 22 91 -66 21 19 10 -43 95 49 -92 95 65 -41 -50 -29 51 -62 49 -34 95 -59 -88 58 -71 -53 12 -10 -42 -84 56 -88 -16 29 91 -2 -61 -98 4 -59 44 74 -9 -19 5 98 -100 -76 6 -54 66 10 -5 41 17 58 -62 -65 -55 56 81 -48 78
-74 -49 -93 70 -67 -21 46 92 -35 35 39 -15 4 94 57 24 -41 -41 46 -26 -38 49 22 -48 -51 80 -33 58 -75 18 -77 23 -93 63 -79 38 1 65 -33 -2 -5 -45 -1 -30 -55 6 74 -64 68 33 19 -21 -99 -79 78 -10 -4 17 0 10 -5 28 -31 9 -39 -60 19 -54 91 38 27 54 -40 33 2 -7 -64 74 -80 -62 92 -85 -54 22 -54 25 -88 87 55 31 58 -54 16 66 -52 52 65 -10 -12 27
74 86 20 -36 -82 51 16 55 20 41 45 -3 14 -42 -59 28 -11 60 -86 48 -22 80 -6 -13 25 -43 83 7 95 -71 3 39 30 -86 -22 43 82 54 -31 85 96 37 0 50 28 84 94 -96 96 77 -44 0 -47 -42 -100 -45 37 15 19 -74 -30 -70 -32 94 -36 -81 -73 84 -29 72 -44 42 29 -76 99 -15 56 -73 97 -41 4 100 62 61 34 -4 -2 -20 -28 -94 14 54 50 40 36 -81 48 -100 53 -13
3 79 -92 94 -33 -19 -79 -79 -70 -45 -96 -25 13 35 86 -70 -71 27 -33 43 48 37 -25 30 -26 -48 -90 2 -46 -10 -13 -27 -57 33 -34 52 -25 -21 55 -17 0 -90 -68 -3 81 6 -75 18 -58 -52 65 -58 -67 76 -3 90 93 59 43 -47 0 70 -92 -7 -36 4 -94 -85 74 78 -19 38 93 -6 96 -68 -87 -28 26 -8 80 56 54 76 -63 -18 -51 73 2 -67 93 -32 -9 -9 -57 39 95 -9 -77 20
