83 61 -82 0 99 -9 -26 91 33 -15 -65 92 -9 37 79 -34 99 -89 21 44 35 -10 23 -94 -8 50 -97 34 48 2 13 -75 -65 53 54 19 -22 -65 23 2 42 92 -91 83 -76 -14 -56 23 2 -73 48 8 18 84 1 50 -63 -3 4 63 -30 46 97 -2 45 60 -84 72 -33 -66 67 60 2 29 -18 -35 82 -8 48 -32 99 88 -8 -14 5 44 -24 80 -7 -28 35 99 -16 -64 42 -38 -75 -74 85 -94 -19 38 84 98 -35 -54 -5 59 -28 -73 -81 78 21 7 11 -50 -98 7 -79 0 -48 38 -58 -37 11 45 2 20 90 -33 94 -56 74 1 -85 -18 -7 94 74 -40 97 83 72 -33 -60 -79 -12 71 66 85
-89 -53 92 18 -12 -72 -47 3 -48 14 4 42 -37 -65 -34 89 56 69 10 -82 -79 80 -71 83 48 96 -56 -15 30 7 25 -78 -50 30 52 86 -33 64 -63 -31 -9 87 66 -44 38 25 49 93 4 83 81 56 -24 -47 -43 48 -27 -56 -25 -11 -84 57 9 72 36 2 -36 -32 6 45 96 -32 74 -4 -99 14 32 75 -78 -100 78 40 -38 31 10 86 -48 68 49 47 -31 31 10 -79 98 26 -58 83 -45 -20 38 -68 -30 -89 20 -90 -54 -24 -23 -6 -15 -20 63 34 -6 15 -98 25 -71 99 33 67 -60 47 -72 69 81 66 22 -92 -4 -56 -26 61 -66 14 94 99 62 -59 63 61 -63 -1 -34 71 -30 -39 71 34
-34 27 11 -75 87 91 34 86 28 97 30 -20 41 14 7 -7 -42 89 60 16 -6 -99 -95 -25 -72 -17 13 93 -47 82 -83 -86 -86 61 64 -89 85 -3 -58 31 -2 1 72 -41 -61 58 92 -28 -83 -69 -5 -96 100 -62 -7 -89 26 7 31 20 68 33 -14 -70 51 -59 -87 60 33 -59 -97 -18 -44 -52 -42 -32 -3 39 -88 -84 50 -44 -23 -4 17 -36 33 26 -2 -46 78 40 74 -29 -34 -48 30 19 88 26 33 45 -74 25 -18 49 -67 26 -93 55 78 93 27 32 -79 -48 5 -57 -6 91 9 100 35 7 4 31 46 69 100 62 85 -97 -15 5 76 -96 32 -36 49 -80 10 38 -80 -12 -36 89 -44 63 -46 24
67 -54 93 30 -17 20 80 12 -33 63 61 15 17 -20 -84 78 78 19 -35 -46 37 -75 -3 -61 6 -54 -3 -57 6 -70 81 -70 -57 89 34 90 -37 33 -3 -59 -8 -33 67 56 39 53 -21 -39 -95 45 -31 -18 0 -21 -70 25 -84 60 -80 84 -11 32 -87 53 -91 40 55 -95 -34 38 9 56 -2 -30 100 95 -59 59 89 -19 -61 96 -47 -98 -63 -25 -26 -47 30 -8 69 39 -42 -74 -97 68 79 -28 -54 -11 -36 18 -31 -61 28 -91 0 97 -8 97 19 -55 -72 6 9 -58 -9 -47 44 83 1 59 0 -46 -45 78 72 89 79 -34 -36 62 88 -47 -84 49 -75 43 66 26 -11 -47 78 -73 -3 1 -71 57 -70 -24
54 64 -28 -74 27 94 -4 10 -75 71 47 38 -76 -37 -83 -23 41 -88 64 26 86 -70 63 67 -62 24 13 -10 56 98 28 30 -85 32 -2 49 67 78 -73 9 -53 84 -7 -86 -17 32 49 -89 -32 2 -10 64 59 -6 58 67 92 -87 -17 40 -48 14 -71 -91 -1 -44 99 -20 14 59 -73 21 35 -85 -56 51 -18 -98 -21 -57 6 -52 -88 -10 43 39 62 42 -23 15 -69 -95 -1 100 -37 24 80 54 -96 -67 -14 -57 -21 -18 -56 67 80 24 -16 -36 -4 -15 6 -26 66 79 92 -64 -6 -17 96 83 85 80 -10 -40 78 3 -59 69 61 55 -15 70 87 -52 87 100 -51 28 11 -62 54 -19 36 75 -31 10 -17 5
52 -91 -30 -78 -70 -35 13 -29 55 -69 18 -31 8 -69 -87 89 -64 -51 36 -26 95 -37 -62 16 -3 25 -58 -70 -41 -96 96 -63 -10 25 97 -11 55 -31 21 28 54 48 -64 -11 50 95 100 22 -90 64 9 -42 -18 -59 18 -7 97 82 99 -15 30 57 -37 24 90 -87 66 -78 -46 30 -21 37 -13 -45 -40 -48 63 26 5 65 -34 33 64 4 -28 30 45 57 -58 32 -93 -63 -95 -12 -32 20 -59 19 -58 82 -8 51 28 28 95 -53 23 -73 -43 17 -14 -66 -79 -1 95 27 63 -32 77 -32 39 -68 43 87 89 -46 -21 80 -54 71 44 -36 -29 -89 -94 47 62 7 -58 -68 9 -76 99 -55 -83 65 -27 -46 -56 -94
82 26 8 -87 82 45 -34 46 38 15 45 38 -99 -65 71 -33 -28 41 91 100 -6 19 35 97 91 -5 62 -37 17 -15 41 2 -84 23 -41 -97 22 45 -75 -21 -59 92 96 -77 43 91 -70 0 85 -9 -68 -88 -57 35 -82 -21 25 4 100 -30 -88 35 24 27 -54 57 12 97 -83 32 8 -94 48 -9 -95 14 -98 12 -54 -72 67 76 -35 93 85 -79 -27 -18 41 59 -79 96 49 -18 32 14 -1 7 -27 -88 -87 98 59 -90 -81 29 -13 38 51 -2 29 -74 16 -51 20 56 -64 -4 -6 -5 -65 -53 -20 -48 78 -39 -9 21 -22 30 -50 -12 85 60 21 -25 -33 -93 98 84 -25 81 -35 -14 54 83 -40 -83 -25 -96
53 98 59 75 88 -48 4 -54 -80 -97 -4 17 -26 67 52 -57 0 98 54 -98 31 -20 -4 18 -99 100 -77 -20 49 -1 53 -74 47 42 86 52 -30 -42 86 -27 -81 2 -12 -98 4 -46 44 9 76 89 -70 -1 61 84 -94 -48 -9 -72 12 44 21 53 -13 29 -94 -24 -59 -62 27 58 5 -38 -11 -55 83 58 63 -77 41 -5 -93 -72 68 -42 22 -24 24 -25 52 -54 20 6 -14 -50 -49 -68 -61 48 -37 1 4 10 80 34 86 19 -69 -88 -27 55 4 -24 59 99 -82 26 43 -43 -75 -88 -54 -53 97 -57 50 90 83 -17 20 82 93 66 42 -39 73 85 -74 -60 23 45 34 9 -85 93 -84 32 -3 -16 16 -92
66 -5 28 35 6 14 97 1 -15 22 91 -13 -58 60 96 3 -29 -60 -83 -44 53 11 -88 -59 -12 -15 24 84 4 34 73 -16 -87 -13 -36 12 76 -55 -47 6 -40 -54 91 74 -70 82 100 -56 32 -46 40 -65 71 100 -55 -90 -1 0 64 -87 20 -41 -67 -6 84 -91 18 -72 -36 -48 3 -60 19 41 80 -9 -60 -88 -52 27 -64 -38 -27 25 -44 -65 24 17 62 -99 -58 35 42 -78 28 52 84 -11 -72 -21 29 -65 -31 59 8 67 -36 42 97 22 92 41 -32 81 30 100 31 19 -27 100 -17 -96 -88 76 29 -57 -94 24 -39 17 -72 -3 -59 5 95 -1 -64 54 -38 -34 43 93 -51 90 -73 3 21 -89 -14 -68
-31 11 -93 -78 -32 -12 -34 13 45 -82 99 43 -38 59 -100 -38 96 67 44 -52 -28 -75 -19 -57 81 3 -7 -87 39 -67 -41 -32 86 -61 -55 71 -58 5 -92 -70 9 100 -11 -96 -87 -34 23 32 -60 -53 52 -96 68 -99 -73 -29 25 -7 54 -10 11 65 53 -99 -29 -76 -7 32 0 72 -61 82 85 -48 79 88 54 41 31 -96 -19 57 -62 95 -81 -86 75 89 -70 82 63 -51 -9 -3 82 88 -12 0 -1 -96 3 64 86 2 6 29 -75 60 63 -43 -28 -24 67 80 -76 96 54 10 -82 94 0 -85 -7 -50 58 -80 29 61 -55 71 28 24 -5 37 -28 -7 -49 -52 -15 -50 -41 69 -86 -18 3 -66 22 -43 14 -13
-74 70 18 87 -2 7 -30 -99 66 98 -51 95 51 -17 81 17 -52 77 82 -21 70 -16 69 -15 78 -47 26 -21 -16 9 -83 -53 -88 -69 -4 -92 61 -59 87 52 -62 8 -6 5 33 69 77 82 -15 -48 -94 48 -66 -90 -11 54 95 -35 50 32 -30 9 -3 -7 15 -89 60 -96 82 -53 -52 1 -86 63 77 -51 -55 45 -59 28 97 16 11 -9 59 75 -21 19 3 -79 99 -66 -75 24 -38 37 67 -62 -17 -16 39 -10 -27 46 -11 -66 -75 -96 52 -97 76 43 -90 -96 -45 3 -40 -92 -63 -38 52 -27 98 -53 67 33 11 6 -96 -56 -5 -89 -18 -45 42 -76 51 19 98 92 29 20 94 92 74 15 -51 -39 27 52
93 -40 51 -43 -92 97 -86 -86 -40 -20 80 -7 65 34 -35 -27 65 60 47 13 84 8 -33 -83 -65 8 10 -6 -13 85 -38 -38 85 31 82 4 -98 50 72 -84 -93 -73 14 66 -66 7 -71 -71 -84 74 20 -2 49 32 -18 -55 40 59 7 15 -83 -90 -100 -69 -55 -13 -76 31 27 -100 -72 88 -97 69 81 -52 70 -88 -48 -89 -80 -1 84 91 -10 57 46 72 -85 -22 99 -26 -48 -81 -32 -21 -26 6 94 -70 13 90 -78 37 60 -85 84 -26 83 44 52 -47 -58 66 -27 30 65 -25 -66 -87 -87 -87 14 -12 88 15 70 49 -65 -56 -35 -92 -85 -45 -28 56 -77 -45 37 83 90 60 -22 81 39 8 65 83 -75 -17
39 -72 -26 5 -45 83 -68 -91 -11 -75 95 20 -37 0 62 84 -21 5 -71 97 30 -89 -68 -2 23 42 -63 56 21 65 -22 -47 5 53 -76 47 -80 34 -34 84 16 -100 -78 -28 45 12 -59 84 -51 -48 13 55 63 83 75 -90 65 39 73 86 -5 79 59 33 52 96 -26 68 -44 -2 -50 31 85 1 8 79 -83 38 95 -12 -81 -65 -9 -37 -55 -92 97 86 29 -21 9 -45 84 37 -82 -12 -61 -69 39 -85 85 -13 40 20 -10 2 64 83 -58 -92 -75 40 3 20 -65 33 22 -6 -19 -12 -45 -88 -10 -26 51 -44 -38 -15 -84 81 -82 5 -24 31 -12 89 88 26 56 -80 -14 22 -48 -25 61 -96 55 -4 54 82
61 55 -62 16 49 49 96 64 -10 72 -92 94 68 19 19 37 20 99 65 7 10 -94 -84 74 85 -9 95 24 -68 17 -54 -48 98 86 55 94 98 -12 -12 18 -69 77 85 4 -91 64 97 -64 -100 -29 -49 57 69 -29 -71 -10 -90 86 69 -28 99 6 96 -23 52 -66 -4 48 99 -18 -26 77 80 -45 46 -60 -8 -46 -44 44 8 70 30 73 14 -69 -39 19 -99 32 38 -74 -2 -19 100 19 -33 -43 36 -19 45 31 11 47 -16 -39 30 21 -14 32 -90 -98 38 -78 86 -31 88 100 24 67 -41 -20 29 59 39 77 46 -82 50 -49 -53 0 32 -58 -78 -58 -16 5 74 92 -43 97 57 54 -55 67 -81 23 -85 -6
25 -93 -58 37 1 -67 0 -6 -70 -85 34 -22 -3 32 66 6 19 -59 -8 -44 3 92 65 -7 -25 -21 -53 10 62 -20 87 -64 43 36 90 84 -21 -9 81 16 -29 57 -98 82 66 6 -45 -92 5 -12 -46 15 -12 -55 93 -95 69 -95 -56 73 -80 -1 -36 100 85 89 -43 29 -70 78 99 -94 50 -39 48 11 -18 -38 -19 36 1 -8 -36 46 -18 -74 -94 24 -18 25 -55 1 17 -21 38 -61 -6 -48 -92 24 -28 83 -73 84 68 17 -44 56 82 -37 13 -62 -57 8 -58 73 59 80 -82 87 -100 37 -1 -96 -35 11 49 -38 -72 -31 62 11 29 -31 -83 60 64 25 -34 71 -1 -11 22 -50 59 3 -61 1 -56 20
51 -63 -43 -60 51 -62 -90 -71 -55 26 -49 -73 -94 73 60 30 -6 27 68 21 -19 84 -39 88 -29 -10 7 -17 76 56 -11 37 -14 -61 -93 44 52 -97 -59 -67 60 -70 -34 1 -63 19 27 -81 -77 75 -40 71 57 12 -46 -49 6 90 -32 -46 -96 -84 -2 -87 77 -64 -76 43 -91 46 -69 -72 -92 -27 -72 -7 -42 72 6 -94 76 5 -5 -31 44 -64 47 -70 71 -59 -2 -6 -52 94 -77 12 -65 11 32 90 29 11 -47 -62 78 -39 59 -53 -55 -80 -31 -1 40 -64 93 18 -66 69 2 43 58 1 -70 6 36 -26 9 21 59 -57 -43 -8 72 67 -52 90 80 -33 -41 -16 -2 61 -58 60 -51 -60 69 -63 -62 -77
-75 31 -51 -79 -99 25 -27 90 -54 27 17 29 -1 -94 96 22 16 -69 16 22 95 -69 62 -10 -89 8 78 93 -57 76 54 82 -68 -85 -40 -97 94 -35 -82 -83 -15 -66 -76 38 56 -34 -25 42 -58 21 61 39 -91 -62 -50 20 -94 -9 -25 61 83 11 -58 82 -95 -68 -2 100 37 95 52 34 85 60 -13 -15 -79 99 -33 -100 -37 37 35 56 66 -37 -41 -83 4 -41 22 -49 -48 90 79 58 26 86 0 0 74 100 -29 26 -29 73 -60 83 -4 -55 13 91 56 -26 -43 1 -33 -66 -73 72 50 44 75 -64 59 -29 -90 92 19 99 -68 -65 -21 -52 71 18 40 -10 74 -39 -1 -26 54 -69 -19 -5 -14 57 -29 64
-62 -13 -8 -99 78 44 -95 71 84 -40 -80 73 -75 2 -87 22 -5 -83 59 64 14 40 97 -23 62 -87 -35 -12 88 24 -51 -74 1 -64 22 -35 18 85 -85 -14 -79 -5 -40 33 40 -79 -46 39 -63 17 41 -2 -87 42 -8 52 35 9 -74 -42 71 -33 -92 -84 -28 26 -47 -16 9 92 89 72 71 96 -81 -57 82 -91 3 -79 35 16 -21 -68 43 -5 -100 46 -93 -65 -25 -57 -92 51 52 81 -45 -85 84 -70 -60 43 32 -31 -27 29 -30 98 68 -53 -43 8 -23 -12 14 1 -1 -27 -9 1 -80 -98 75 70 -71 -38 -12 -68 36 35 47 -99 82 -62 87 63 88 -36 -39 80 -60 -12 2 84 -52 29 95 3 -5 60
38 52 -78 -2 -76 -16 -10 16 -33 -90 -60 -22 -80 20 -32 -37 37 -35 3 65 -31 -28 -7 -11 -68 70 38 -52 44 -35 -57 -75 -93 -38 -52 -12 53 -92 -12 68 -45 -86 2 -89 -75 -82 -99 -98 -65 86 88 -57 42 77 28 -56 52 -33 -87 72 -77 74 -55 -28 22 -65 -78 -98 97 84 -82 11 -35 37 -88 -33 97 3 -7 64 -32 -73 65 22 100 95 89 -100 57 -14 41 -68 11 -3 -95 -27 -42 -81 100 -20 -91 23 87 -15 -66 25 -82 -68 76 74 82 -34 10 100 69 -94 -86 57 0 28 -60 44 28 -23 -91 71 83 96 -26 -2 -34 -17 -68 63 -32 98 -40 -1 86 -42 -88 49 95 -90 62 64 -6 -88 -75 -64
12 87 -54 76 -9 55 -77 -81 -61 90 60 -92 -50 -54 -30 77 21 47 12 -83 100 93 -37 -54 -84 -63 -85 21 72 -47 -36 53 -86 -28 95 51 15 -3 6 -96 5 95 -26 72 30 20 -8 -40 -65 -49 -98 -74 84 -11 4 72 22 48 87 95 -36 -57 -83 -83 79 32 12 0 27 -51 36 94 -88 98 79 22 76 -91 37 -25 -54 53 -85 11 20 13 -38 5 59 -36 -27 81 82 -97 -66 -55 -76 -22 -91 93 -33 74 12 -41 -14 59 6 -94 50 32 27 -29 63 62 -66 -65 -19 -82 -93 -27 -27 -71 -6 92 -86 10 -61 27 -96 -78 -62 -43 -58 -78 -45 -6 -37 -16 -39 -8 92 -4 -58 -82 19 91 53 1 32 -53
60 40 0 14 27 31 -93 -74 -27 15 -31 -88 80 13 2 -41 -30 59 -95 -25 14 -6 -39 -91 -26 -83 65 61 -85 -21 -53 -80 -36 -52 6 71 -66 74 -52 -55 -31 -84 32 58 18 49 12 -73 -92 90 100 61 -37 -23 63 13 -70 -12 50 16 87 -87 20 27 6 -65 -19 -31 -16 -19 -39 13 91 -84 68 -76 71 -2 25 -80 58 -45 -61 -27 83 -87 -48 -99 51 -16 -25 -84 25 80 65 -18 48 -57 -6 89 74 29 -66 83 82 26 -47 33 -20 8 13 -28 -59 98 38 10 -32 -40 52 -77 27 -21 -53 -93 -58 84 -22 2 12 -47 -94 -62 -1 -19 3 -36 -77 -60 -56 55 -89 72 -3 -83 -75 -22 -34 -21 -3 -93
69 39 11 96 -16 34 99 19 82 49 7 51 -77 -26 -33 -17 67 27 -51 15 -99 -4 43 -21 85 -31 99 -45 40 84 -100 29 98 -89 -22 47 -47 5 -4 -66 -69 -21 -33 -61 -15 75 -4 -42 36 -55 53 83 58 -78 -2 -1 -52 8 -65 -32 -94 41 -44 29 76 50 -46 -66 84 -22 40 -49 -84 93 14 -63 68 -28 -86 34 -3 -83 -24 81 -11 -7 -64 25 -55 -63 48 -66 -69 16 -84 -60 -69 33 42 89 17 16 7 28 59 9 -57 -55 98 65 -90 71 27 -26 44 78 -30 -31 -90 12 5 90 -75 48 68 36 -22 23 85 35 100 83 -3 -48 -46 -64 -23 -36 43 90 18 5 21 -84 63 70 -7 -95 -47 93
63 82 71 -42 -76 -27 -6 18 79 -73 68 -16 99 1 29 33 39 -61 -58 -36 -52 -22 -32 -54 -28 45 -79 -37 -50 66 -13 -12 -89 -82 -87 -61 69 -25 4 32 34 -8 35 41 -100 8 -2 0 89 3 23 5 16 -41 -64 20 32 -71 24 -87 74 0 69 -21 36 -23 45 -95 -29 79 3 81 -29 -61 -1 79 90 48 -55 12 -3 -63 -56 75 -63 -57 15 -45 52 34 -26 54 -63 -81 -77 83 98 46 54 -2 47 87 54 27 -26 -42 49 47 42 57 -9 -99 -67 -97 83 -26 -97 13 69 21 -26 56 57 -87 91 63 -26 42 37 82 57 46 21 -42 -28 5 -75 -51 71 96 3 -31 69 11 22 60 11 -41 -20 34
84 92 4 90 81 -99 -66 -59 -19 -66 -77 -24 -85 -83 -78 60 -43 59 75 -1 -29 -10 17 -46 -61 58 56 12 85 54 80 -94 53 -48 -28 -68 -98 37 -18 -42 -16 -17 41 99 -99 -11 46 -90 -84 -34 92 65 83 39 -83 3 52 82 84 89 -24 -31 -75 -40 39 37 -74 -60 -28 -81 84 17 64 40 14 -51 -61 38 7 -77 -34 29 9 14 -14 7 -8 18 70 11 95 -2 13 -55 -82 37 11 -57 -100 39 -75 -33 -66 -80 -78 96 -31 -91 -87 19 66 -46 -82 43 -49 67 -47 -46 -54 -20 -7 -74 -64 -77 -2 56 12 -26 -88 -90 -68 54 -7 13 95 61 -67 -24 86 -7 12 -81 76 -29 19 -36 92 85 -84 -96
82 58 42 13 -93 -66 80 7 -61 -84 -24 -92 -55 74 51 -17 11 -70 -36 6 25 20 -7 64 58 -87 -9 41 25 28 54 -26 87 42 -4 50 -51 -80 -47 54 -76 -55 -70 -53 70 32 21 -1 -99 36 95 7 51 20 25 -80 88 56 16 -2 -12 3 -5 29 -56 3 36 44 -66 50 -74 60 -57 -27 63 31 -48 84 -62 -29 -78 73 -23 -71 -19 -32 74 -2 14 -76 79 29 -56 -46 -1 -16 -51 2 52 30 -73 -3 83 97 4 -64 12 -52 32 53 90 75 93 -33 68 98 14 27 -70 93 -79 -71 26 -5 -67 -44 6 -47 -92 14 80 75 -57 22 61 64 35 -74 36 -80 42 85 -49 -5 -50 -21 -30 32 -7 -63
-86 85 -91 62 -28 -30 -77 -68 15 -42 68 -43 -1 65 8 73 -64 13 1 -26 79 89 6 17 5 44 -76 -45 44 94 -67 52 16 75 42 -26 -62 -35 68 18 -20 -46 88 -21 -93 -67 87 -84 68 88 -80 -82 73 -31 44 28 -99 39 89 57 -28 52 -47 -41 -62 -94 -91 -45 -95 90 52 42 -24 -98 39 76 -36 89 68 18 46 87 62 -92 70 35 63 82 -44 42 66 -30 5 -20 14 -74 -65 -77 -12 7 -30 11 90 52 -88 -38 -80 -34 37 -53 -2 37 79 41 33 -45 9 -54 -43 43 -74 -85 75 -51 -28 21 -99 89 35 94 -46 21 -72 -61 28 -47 -27 -49 -29 -46 65 -38 66 -69 -8 -96 -61 -4 -90 42
73 -41 -37 -44 53 -29 35 49 64 17 -84 36 -79 -59 18 -57 75 -40 -2 66 47 -7 2 46 48 46 36 44 -1 -3 -54 -70 -2 -57 29 92 16 24 23 56 75 -94 -15 -9 -57 37 15 -55 -36 -53 -55 -84 55 -62 82 97 97 -44 -83 -93 -89 -65 3 -1 -28 -97 46 -56 -16 -3 -63 -31 -78 96 66 -57 56 -50 51 37 -20 24 93 97 -38 13 95 -53 12 5 -73 4 -1 -46 -42 89 -44 -37 -87 60 -31 -100 -88 -47 -30 -91 -33 -49 -15 -80 -67 -16 -23 47 50 -100 64 -73 -57 67 1 38 81 -95 21 68 -15 -48 9 92 0 65 -9 -47 96 -47 -42 -79 -26 -36 -51 82 81 22 -18 13 37 20 43 -12
-52 -95 44 48 36 13 -46 71 -72 87 41 -13 -45 -74 83 81 74 -25 4 98 15 -80 50 -86 7 41 -77 28 67 -79 71 -56 52 82 -34 61 85 -43 46 -32 54 -73 -18 -92 99 -69 -61 24 -86 -38 49 97 47 82 -70 -8 -27 95 -21 -25 -7 -79 19 12 -30 61 41 -55 25 6 -5 53 -91 -79 -60 49 51 -75 -78 -8 59 67 30 -84 -69 -2 -48 -62 -92 -98 2 7 -95 -22 -62 -32 83 63 72 7 25 -2 -76 50 -72 -100 -57 76 60 30 5 -97 -64 3 -18 19 99 -42 -58 95 -69 -15 10 -12 58 30 87 -21 -56 -10 -30 1 -25 1 -4 -63 -40 -72 3 -53 -68 -88 27 -57 67 48 -100 -83 100 -98
17 -85 -22 67 -32 33 -17 71 31 -55 -94 22 -91 23 2 71 94 32 -99 -99 -10 -60 -27 52 -71 -46 -99 13 79 86 -62 29 25 83 3 68 -84 43 -99 -25 -71 43 3 -76 -33 88 -50 9 89 -87 -26 33 -10 -40 -54 -17 56 -55 -85 -67 1 3 67 -40 69 -87 86 56 95 95 39 -48 -3 45 -60 33 88 27 65 -61 -48 -27 -65 47 -54 73 -54 -9 -34 40 97 -34 -24 56 -11 33 40 -17 -50 -65 93 83 98 -83 20 23 -89 35 -15 -5 8 64 -78 -59 6 89 -31 -75 -96 -59 28 -100 -44 -62 -63 -36 -68 -53 28 -66 -31 -14 -2 -12 -73 9 -35 -96 41 12 -56 -4 -66 -79 62 93 83 -38 65 10
-59 -18 -98 -91 -1 50 -80 -7 4 -1 93 58 -1 86 40 20 -15 -29 -94 -6 81 -12 -69 49 56 99 73 -57 10 16 22 -30 31 90 86 -7 -12 87 53 -9 16 73 -67 -95 -63 -95 35 -25 -26 -83 36 -81 58 -27 -45 -73 -36 -39 59 -17 -15 -80 47 0 -35 15 36 94 85 -68 62 86 86 6 28 -30 22 -36 -73 28 -23 36 -44 -15 -95 -64 57 -69 12 -29 -35 -66 27 45 45 75 -51 48 33 -70 85 80 -47 84 20 17 -71 63 6 53 -73 -64 -40 86 -52 65 -39 69 -51 4 59 -86 20 -38 -95 34 51 -85 -72 -1 24 49 54 -93 -32 -25 81 73 41 23 2 -91 -16 -77 -21 -69 -3 10 40 -32
-50 -48 95 11 91 36 70 -32 -44 22 90 5 -58 -55 -13 -32 60 -4 -30 -61 -27 -81 -61 31 3 -76 -79 -79 75 -97 43 93 50 -39 -67 22 69 49 -70 -10 14 -63 -54 -21 -80 -30 81 -32 74 88 91 -66 100 23 6 25 -33 -54 -78 -100 -66 73 72 94 54 -50 -25 -26 3 66 23 -97 92 -55 34 -3 16 -88 67 -1 -14 97 53 -91 -71 -4 -38 -81 86 -4 4 -69 5 -98 56 56 86 -67 79 71 65 39 -100 63 55 -58 -63 -78 -51 100 89 -82 9 20 45 76 -2 59 54 -27 -54 85 -94 -17 -88 52 -83 -47 76 63 61 91 -98 100 26 -64 42 -16 30 1 3 88 72 -34 70 -29 5 -53 92 -98
78 -18 97 53 -11 -18 92 4 17 -85 -90 74 86 87 31 -84 -73 14 -8 51 -66 -47 -37 -29 -3 -89 -46 88 58 51 -24 -14 45 68 -3 72 24 -22 70 -13 67 64 59 46 5 -60 -47 -3 43 43 64 -8 53 49 46 -48 27 41 34 90 1 98 58 -7 92 10 38 15 -39 -58 54 -72 -51 35 -6 95 -7 -16 79 -93 -62 -15 51 -85 -13 -13 100 21 74 -14 100 -30 66 -36 -36 83 63 26 7 -99 -41 71 20 -82 64 29 56 2 -40 -79 4 -56 86 -13 -50 -13 -64 -66 -53 44 16 -11 1 79 -79 -73 -41 16 -64 23 16 83 99 17 -81 57 21 -6 11 -73 -44 -37 -73 98 5 43 -88 -90 58 -26
-38 -89 6 29 98 -98 45 19 -73 -85 36 70 -100 7 81 -33 -42 -83 74 -11 11 41 59 17 64 74 7 -69 92 -14 -75 90 43 49 -56 -28 -13 49 25 70 -30 88 -71 44 7 -49 -68 56 -43 -6 15 6 1 -97 -55 8 11 -13 98 -38 -76 -12 -3 -71 82 76 37 -48 66 -33 -41 40 -51 -86 83 83 54 -67 -78 -1 62 -94 26 12 -83 57 -80 -86 39 -100 -29 90 8 -73 89 18 -6 -8 -35 -21 -84 -71 42 82 100 -40 18 -13 -44 -3 90 -96 -62 -30 25 -12 74 -69 3 72 -83 -63 38 -76 91 1 93 52 -40 70 -31 -60 -16 87 -14 -34 -85 52 78 -93 47 54 -32 -98 53 40 -66 5 31 80
-35 52 97 -42 78 59 -69 -49 -47 82 21 2 -87 -85 -37 -16 5 -55 38 -8 -96 44 -89 88 86 -20 -45 68 -18 -6 -27 -64 -55 49 -71 61 -16 52 82 -37 55 22 -73 84 -38 -59 -14 -27 -54 -87 44 -87 12 22 -92 -95 -71 -9 44 -43 97 35 24 93 20 -59 -13 14 70 20 1 -26 -27 34 -94 -64 93 -74 -50 -59 -67 28 79 14 -5 86 -54 -36 97 -63 -72 43 -30 6 -87 97 41 33 1 -66 86 61 97 -74 -19 -11 23 2 -67 -10 43 51 -59 26 16 -55 -55 92 -12 -90 54 82 90 -72 28 26 -49 -10 -20 71 34 97 -23 -15 46 53 -64 -66 18 -90 -26 -90 67 -35 74 41 48 -43 -13 42
38 -23 96 68 23 74 -80 88 72 -71 73 99 92 -69 19 -34 52 -78 -46 44 -93 36 -96 -58 9 -72 -54 73 18 -21 -98 32 69 74 -77 65 -77 -33 36 -63 93 -100 3 68 -40 -45 -43 83 -93 85 23 -99 14 -5 -17 87 -70 72 6 84 53 -26 -18 9 64 99 -40 61 62 -57 19 -6 -84 -99 -65 26 77 -23 22 -28 -80 -30 -17 100 40 -19 86 -9 0 82 72 4 -51 -52 -98 70 0 65 13 89 -100 81 5 -3 -60 98 91 22 45 -14 67 77 -34 59 98 24 -76 -29 9 31 61 19 60 -72 26 89 -11 30 16 -57 -82 42 -16 1 -94 60 35 -30 2 -42 -67 81 -35 16 -12 40 80 88 68 100
-54 -100 -61 -65 19 72 93 -46 82 17 87 87 -83 58 -79 35 -88 -78 -20 -33 -27 46 50 9 88 41 -40 66 62 20 -32 97 -51 96 -99 83 -13 -25 27 69 -34 -93 52 -82 11 -40 31 32 -3 -52 2 6 76 55 24 60 -99 -35 -74 -90 98 66 -68 -83 -38 99 77 53 -79 -8 -100 -78 15 85 -6 41 -99 100 82 -52 -3 8 39 72 -54 -39 -63 92 20 -15 37 -85 94 99 27 -8 69 -55 -51 -77 93 -81 -50 -99 -12 -91 49 -30 60 75 -72 79 75 53 32 98 26 -28 -25 -15 -9 -14 -88 24 -93 -42 14 -15 72 -42 -92 -11 -69 89 78 -37 67 73 1 91 -61 -52 -34 -29 45 37 -9 -93 57 38
94 -41 44 -54 -6 -77 93 53 -63 91 22 -62 -34 -41 -6 33 -15 -34 71 46 -58 11 -93 5 28 30 -93 -13 13 66 6 -95 8 37 43 -64 10 59 -15 -7 -60 98 -59 72 66 65 -45 26 41 -79 -12 -50 4 100 17 -42 -92 -6 87 -31 -55 -94 85 -63 69 -23 68 3 68 -5 15 -1 33 52 -21 68 31 90 36 -36 -22 -12 19 -17 33 75 97 -72 -75 -73 -40 44 -88 -10 96 61 49 39 12 -90 42 -77 -91 15 -100 79 38 -66 52 77 -65 78 64 -78 44 68 21 -69 95 68 -5 42 -11 40 20 16 18 -36 -96 7 46 -80 34 -40 -49 23 17 13 -24 -49 -87 -18 61 -67 -55 37 82 -83 -88 25
15 -72 -37 19 -76 94 -5 -70 -43 -17 42 -76 22 65 39 -25 -11 -96 -98 30 53 6 17 -82 1 -7 23 10 -58 -21 43 -68 -46 -2 63 57 27 43 -50 -26 -91 -4 7 85 65 3 -41 83 -4 81 -32 25 97 -9 -17 16 51 9 28 -2 70 -46 -36 -83 -46 -24 30 -15 -22 -20 11 5 -95 -16 -68 29 25 92 -99 80 -12 92 -19 24 -21 10 53 46 4 53 64 48 31 -100 6 -59 -32 -98 87 47 -77 -64 78 5 -62 -78 75 -28 -54 54 18 48 67 67 -23 79 -39 100 51 -73 -21 21 51 99 -3 -74 -67 -69 -21 77 -51 82 -23 -73 -24 41 -89 19 -6 29 -94 43 -37 51 -33 -48 4 35 59 22
-97 50 -62 26 -49 38 -15 -40 26 -22 -69 45 -78 85 -23 17 -100 32 91 20 -76 36 -33 -41 -51 -48 51 77 -54 96 14 -78 -77 19 -79 49 -42 67 32 47 -55 -24 -5 -96 -99 -80 -27 -57 -9 63 10 71 78 -53 98 -10 32 41 19 72 81 18 -96 63 13 68 55 -91 -57 24 66 4 -42 -50 13 -17 44 21 -28 -98 -22 -32 43 3 -98 -69 -22 -58 15 -47 3 -42 8 0 -31 93 25 5 29 20 -6 -8 31 41 -8 -79 -15 -29 -28 70 -50 52 11 29 87 -22 40 17 -40 -78 30 87 -77 -52 -21 95 -91 -41 -73 1 -77 -23 -12 -12 -52 95 33 36 -63 14 -87 -60 -61 41 90 4 -4 86 -97 98
-95 89 35 94 20 -72 -10 98 -21 -79 22 -78 15 81 -24 -18 92 99 100 -75 -46 29 -12 -18 -12 -41 -34 -24 -70 83 94 13 -43 -76 -20 -16 54 -75 -35 -30 -4 -83 -70 -98 58 -53 65 -58 44 98 -44 41 -83 -95 79 -6 39 -22 10 -11 6 54 60 8 -19 -52 -5 -70 -49 98 -4 -10 -7 -93 70 75 29 86 71 51 -21 100 42 -1 -5 -87 80 16 13 90 -55 10 44 86 -21 -9 -56 -56 16 43 92 -78 -41 81 82 54 -4 -29 -26 47 28 51 -79 22 96 8 56 -24 -42 -82 -44 -19 38 18 57 -41 72 99 -7 -33 45 -50 9 -98 42 -14 24 58 -86 39 -65 -12 70 -74 -85 75 -82 50 43 -1
85 -98 97 -32 -52 -23 75 -50 68 -60 -11 -48 46 77 -13 79 8 60 20 -71 11 55 -33 -65 63 27 -30 55 -27 -92 22 99 46 -37 -75 -87 -43 -83 -52 -17 38 -91 41 96 11 99 -9 17 -41 58 14 24 -70 21 77 -26 13 54 80 86 -63 10 -81 65 -96 1 37 87 63 -1 -38 -9 -3 29 63 84 -32 22 100 48 -10 17 -7 -14 1 9 -29 -11 -86 36 -48 62 66 -65 46 -30 -28 -24 6 -97 51 98 40 -91 60 97 59 -83 36 -74 30 -16 -82 -49 -7 74 41 81 -27 -33 -29 -99 -90 58 79 100 -18 -46 -23 -61 -20 -16 8 0 52 27 78 -67 -11 75 -20 5 2 93 36 10 72 -55 -72 91
94 45 -41 96 -44 53 -40 4 72 82 -61 79 25 12 -22 75 -64 -56 -3 -61 -89 99 -83 -44 65 77 59 77 29 44 36 51 28 93 -59 -83 5 73 22 82 35 36 56 5 32 32 17 100 81 -81 55 -84 -91 -78 74 35 -39 -15 -54 24 3 21 10 -8 52 -55 19 -47 -83 11 -36 -80 -61 68 -100 -95 7 -49 87 -49 -46 79 48 -66 64 67 51 2 6 55 -54 27 7 26 50 17 -24 72 94 -78 94 84 65 -55 48 87 -52 -8 -3 57 -98 11 -41 50 60 48 1 -23 69 2 28 48 -30 91 45 -37 82 -82 -14 48 -85 -60 -22 67 41 -69 -26 -94 -12 63 -8 31 -79 -11 -61 26 -37 40 27 -51
73 -3 2 -83 -25 42 6 -71 47 -93 89 -57 -100 72 95 38 -99 29 -50 -98 47 14 20 -82 -1 -61 59 23 23 -1 -23 63 -19 -54 -98 56 -31 -24 99 44 -97 -75 -25 5 -41 -17 -84 -64 -62 -45 86 -10 -59 -87 91 44 -76 70 85 -30 62 34 29 -48 -34 -77 -84 74 -25 -29 18 8 6 14 -50 -99 -85 -9 -82 68 -41 -46 75 -88 -100 -51 -49 66 -38 -95 -28 55 22 -86 27 31 33 -31 39 29 -45 29 -24 -62 -8 -56 26 92 13 -55 93 56 14 -34 41 29 83 81 -86 -21 72 79 79 70 -10 33 97 91 85 -43 -69 -70 100 43 -29 2 18 -19 -29 -13 -14 63 97 7 82 -57 -35 7 -7 -81
-50 25 75 -7 23 36 -85 -62 42 8 -77 41 -47 -76 -30 17 80 -31 -59 -67 7 -3 -49 -5 -8 -72 -76 -50 76 -23 -38 -85 2 19 -55 23 -67 -31 96 66 90 -79 41 63 49 26 -62 -43 -17 -19 -5 76 -8 88 51 -79 17 -89 -8 -60 -85 -14 77 6 12 64 9 90 23 -54 -27 -93 68 91 -39 -64 -25 2 -14 -26 -64 52 -38 77 16 -83 13 26 -93 87 -11 84 76 -66 -98 7 47 -64 45 33 66 -92 18 97 -14 54 77 75 69 82 -92 34 -54 -45 0 1 43 35 75 -5 -7 -65 -94 -61 5 -30 -22 -17 -100 -44 -9 81 -38 -39 -11 12 -2 15 21 57 -91 100 -31 51 19 -27 -86 10 32 90
-100 -100 -93 -10 -66 20 -20 74 -31 100 -55 -96 66 -73 -98 75 64 39 25 -86 9 8 42 74 26 16 -55 -69 24 98 -35 48 -92 54 29 -89 -6 46 -35 56 -85 -11 -11 -78 96 83 -45 -52 -39 13 -42 41 -99 -83 -89 85 94 -12 -20 9 -79 -66 67 33 -2 -93 21 -94 34 60 21 -31 82 -28 -94 -14 23 -82 91 -68 -69 -75 38 -10 -60 39 7 85 -28 77 -40 -45 -55 -94 -39 69 -86 -46 38 100 -94 -10 -70 -81 41 -49 -30 -93 91 -99 -2 -98 22 -61 -27 30 41 60 41 32 -30 -92 -84 58 -85 73 22 67 6 -77 -5 -10 -77 37 22 -87 21 67 -60 90 -28 -14 26 -18 57 8 23 67 -91 -35
37 -6 -18 -4 96 -7 26 18 92 45 -40 -91 -5 -81 -74 -37 -38 -25 58 -49 -30 62 -3 66 40 -80 -57 -71 -43 -67 -24 45 8 -85 -32 -18 -89 -72 29 69 95 -7 87 -9 10 -13 77 18 -57 -79 -12 89 -41 57 -51 91 2 4 84 -85 1 15 57 88 -15 -97 95 -47 71 -17 35 -37 -1 58 62 6 -71 30 -76 -12 -66 3 53 -14 -4 -44 -44 9 -80 -9 42 -71 33 15 18 -71 93 83 2 15 49 36 -13 -3 96 82 -51 -21 65 32 12 -27 2 66 72 60 -9 67 -92 7 -23 44 -16 55 54 -15 79 69 53 -87 -8 -25 -94 90 67 99 -84 -69 49 97 -31 -75 -31 63 13 3 5 -17 25 -89
56 -68 38 -73 32 -15 -98 -65 70 -14 -52 46 -17 27 -68 0 84 99 49 19 -58 70 -82 -6 56 -36 64 -24 63 85 -58 -86 -32 -84 -14 -74 31 -25 -69 -9 -8 -85 44 3 88 -89 59 -68 98 96 -98 -61 -44 -95 52 -16 -88 -24 71 60 -89 89 -91 85 87 -43 0 8 22 -57 29 -57 90 -70 -81 67 35 37 81 27 27 -74 35 61 14 -53 18 76 -16 -36 -62 69 65 3 35 96 82 89 -33 24 32 35 -83 -90 26 -9 40 32 87 21 -97 7 84 100 18 1 -72 45 43 -59 21 55 -80 39 69 95 -52 -31 17 -82 -66 -17 -80 86 98 -27 54 96 98 -37 -35 -33 -1 0 17 -47 -17 -78 41 69
-54 50 84 -88 -1 -37 -10 71 35 -33 -24 65 5 64 98 -25 -69 32 50 -25 -70 -43 -33 72 39 -65 -11 -18 82 -62 -43 -72 83 40 73 57 97 7 12 -56 86 96 -40 -33 -31 100 -37 -13 61 -63 -20 -39 -86 16 -44 -7 -54 -7 87 69 -92 38 -1 -19 -44 82 82 -49 -40 5 -78 -56 81 15 -82 97 20 -100 -53 -62 -35 -5 -64 -20 -41 33 -23 82 31 -10 -6 16 69 -27 -26 -96 -27 -17 -63 17 97 28 -36 -14 -46 -69 6 50 -56 89 79 -17 17 -77 44 -88 36 -86 -71 5 10 32 25 -40 64 -82 8 24 -99 20 21 -65 -40 -17 35 29 27 -2 60 -10 16 35 -8 -24 80 -21 -90 61 2 -11
-21 -4 -20 0 82 -90 -41 -79 -78 59 99 -66 78 8 -46 -14 39 44 3 -3 -28 7 1 71 -59 31 67 -74 -68 -89 -97 -82 27 -12 11 6 100 13 82 83 -22 -62 -77 -10 -9 -74 25 9 -25 -50 -3 -62 2 -28 28 34 -30 42 94 7 12 -35 -23 9 75 -34 -81 -68 -90 -75 48 -47 66 -20 -93 -19 -14 -73 -56 -24 -31 11 42 -59 50 -37 -72 91 22 24 1 46 5 56 50 81 -75 63 31 -97 99 44 55 77 -51 -14 45 45 14 78 85 -57 88 98 -38 57 -68 -1 95 -40 -49 33 -1 -38 90 78 91 -65 88 -63 7 -98 -83 -61 -96 14 -48 -82 -44 -93 5 25 -88 63 -21 23 27 66 -89 -80
69 -89 98 -89 -14 -50 83 -49 10 -85 -94 88 -13 20 28 36 -51 46 -60 82 4 -49 -61 54 -36 68 -50 44 70 6 -87 -34 -19 39 33 92 -26 38 -90 74 3 -38 -77 -98 -22 64 -74 19 -83 -68 41 93 77 6 -19 55 -48 -9 85 -69 8 -13 -94 30 71 35 -69 -19 57 2 -80 53 -16 71 44 -69 51 -49 15 -41 -9 39 29 -5 -26 81 54 6 1 87 -33 50 27 54 -67 18 -3 -93 66 61 -18 -55 30 1 24 18 -3 -33 61 -62 -4 56 -67 -71 -21 22 -85 60 -80 -94 -45 -18 -1 -12 -63 39 -32 -76 89 64 -49 69 -56 51 35 26 -32 -82 73 12 -16 -50 5 -22 76 40 54 45 93 -87
5 57 -64 48 53 65 58 -80 40 -53 -40 -90 23 45 -24 -19 0 -87 -45 10 -96 15 16 -24 -79 1 99 53 -42 46 -41 -92 28 21 50 -74 -85 30 -23 -47 -77 -30 39 -45 -76 -57 -54 27 12 -99 62 -17 -3 -68 -95 51 68 90 -93 -5 -69 39 79 81 -1 -37 77 -47 -49 82 36 -52 -24 1 11 78 20 82 -99 -82 -79 -14 87 -43 95 45 24 -97 5 -47 -87 24 6 55 14 44 11 -34 -76 -90 9 87 -24 -33 81 14 4 -92 -20 12 -31 15 42 -93 93 -14 67 94 67 -28 -95 11 -87 -97 -5 7 71 59 -49 16 -79 -4 8 27 -75 -45 -51 -67 95 -56 -23 28 -71 -14 85 88 19 -21 -69 21
76 20 -53 41 -34 55 -86 -79 -89 88 41 43 -100 -88 -84 -97 -35 -64 35 -46 -63 72 -69 63 -94 39 48 -24 -53 -46 -71 -57 -45 -75 -40 94 37 -68 -78 -83 -79 -11 23 -54 6 96 -80 15 -38 86 -93 -60 62 29 -89 68 34 99 72 -67 -8 -82 12 -34 34 63 -25 -87 -54 16 -24 48 -95 53 55 72 38 67 56 61 25 -52 -18 -56 56 30 -58 -88 1 -79 31 45 -14 4 43 99 -77 -55 -25 62 37 25 64 38 -18 42 -7 10 -97 -72 11 -84 41 -33 19 -35 43 20 26 -27 -58 68 42 -5 -80 11 21 63 -45 -72 92 66 80 24 -80 41 67 -9 63 75 -12 -87 86 83 -78 -72 12 -65 -75 -13
-98 -75 20 61 13 -56 -72 43 -61 -19 89 -72 -49 91 -40 -9 -6 98 -10 -81 -9 68 11 1 1 -93 29 49 -68 -32 41 -36 -87 -98 -46 -91 -56 56 7 -57 -93 59 41 42 -31 5 -5 82 0 59 23 13 -75 -16 31 -26 80 11 66 40 -9 -6 -100 -70 -34 71 17 -91 -32 21 -31 42 -77 -54 -44 95 -97 -88 32 -20 -77 43 -42 41 -23 -97 -100 -34 75 90 -5 -42 75 75 94 26 -84 -37 12 -83 -88 -51 40 -32 89 -52 69 -41 -18 11 2 49 99 12 51 -92 -16 68 41 18 -32 -24 -97 49 -92 -58 -20 14 81 -99 -40 50 -88 -47 -12 39 -5 -4 74 -18 -38 -75 48 -79 -33 -27 -63 93 3 27
-22 -35 67 28 11 -12 -31 -13 -39 18 -76 90 -95 -37 64 64 -84 -45 -44 71 -76 -94 -1 45 -42 -86 -74 -3 88 62 35 16 84 -33 -25 31 -64 -78 66 76 -2 33 9 33 74 50 -85 -14 30 93 79 10 -6 -55 -75 -32 7 19 -72 -69 40 -8 19 -5 8 20 -41 -34 -9 -51 -60 23 71 -18 -8 2 -31 -39 -81 48 -18 12 -29 -4 -15 -68 -91 -48 -56 36 -87 -74 55 35 16 -92 -79 -52 96 -16 26 62 71 -38 -19 59 99 65 -13 72 -28 -11 47 96 80 92 -85 92 42 -74 -62 -98 87 31 78 69 -51 -77 66 -78 -75 -45 12 -43 23 97 48 -15 -62 -47 71 52 -81 -46 78 -8 -53 2 86 40
-55 -1 1 42 90 55 -58 -42 -97 -36 6 81 38 76 -58 91 -31 -95 -7 28 -38 41 -52 67 -29 -22 -28 30 -53 -65 60 19 -44 -50 -37 -15 -40 -36 -81 1 -25 -40 -46 57 14 29 84 -87 -95 -46 -4 -99 51 46 -35 -19 75 44 -72 75 -59 5 21 -13 -96 45 -71 -49 99 -74 94 -99 -53 80 -39 70 99 5 19 -100 -89 72 24 34 42 -81 -67 -94 -84 -15 43 -11 45 31 -31 24 -81 24 86 47 -1 89 97 11 8 4 -58 79 -97 81 -16 -60 -69 -33 70 97 -51 -96 -74 50 -14 31 -56 -26 13 52 -98 0 -34 -45 31 24 -62 76 -47 -10 14 56 68 91 -18 88 -61 41 -3 65 -9 -64 72 93
-77 -100 -15 92 89 97 -51 33 -11 -36 -33 8 -60 5 23 -79 88 38 -66 94 40 -66 85 33 31 50 -48 32 20 42 -96 -77 -11 46 -8 -65 54 72 24 14 39 69 3 74 -92 -36 100 100 -10 -52 91 -66 76 3 -53 53 -79 -44 74 -99 93 100 -65 -21 39 12 53 -12 -72 -64 -73 -44 95 -94 -78 -44 -5 -6 -52 -20 21 -84 -49 11 -13 -55 44 24 -51 46 7 61 -6 92 78 12 -25 -76 0 81 79 58 -17 89 18 60 -2 -16 -60 91 71 68 -94 -34 -15 82 -74 -65 -15 -17 -59 -36 -7 -37 33 -26 95 35 -27 78 76 100 -88 -13 88 27 27 25 22 9 49 -36 38 -41 62 -11 19 -40 74 -70
17 -17 24 -59 -59 -9 -9 93 -71 56 74 -61 -18 18 -63 -38 32 -57 74 60 -37 83 -14 68 -30 37 72 32 55 2 -95 -55 63 3 -57 -24 -13 16 21 36 -63 67 -59 88 84 96 -68 31 -10 34 83 -68 31 -56 -68 -88 -94 57 98 -39 -89 27 30 96 20 -18 49 -7 98 -60 -86 55 86 -66 56 -8 -15 -39 -4 -95 86 -61 100 -66 -12 37 -74 -56 47 51 -68 -36 -48 43 74 69 -43 -70 -97 -34 -6 -48 -33 27 -53 91 50 92 -79 -77 35 -98 58 -80 53 82 59 -81 -58 5 27 7 -37 75 -14 58 94 -40 85 -82 70 93 62 -21 -61 65 -12 20 19 -11 45 70 -38 81 14 -80 18 -73 55 -87
10 56 -6 8 -90 34 18 75 -92 42 -44 0 -5 100 -89 86 74 37 80 6 51 15 96 33 84 -1 51 42 53 11 40 56 -99 -86 35 0 -9 100 -26 98 -46 -22 -67 -51 -44 36 75 72 100 64 -64 23 37 -28 42 67 17 -58 89 37 54 92 -57 93 58 33 -27 13 -34 -41 17 25 13 15 -91 8 0 77 -1 -59 69 -44 -100 52 -90 66 -4 -33 -58 52 36 26 -73 -3 -14 -77 -81 85 -79 -54 38 54 85 -46 -100 55 -83 -68 -55 -66 65 -85 -66 9 -37 71 -65 -67 47 -64 23 23 11 78 -8 55 -2 -77 -29 -3 63 -29 54 70 21 85 -69 80 -27 31 -21 -3 -89 79 32 35 -24 80 -4 63
-3 20 -50 35 -29 2 71 -96 36 -78 20 -56 -23 33 -34 -12 75 68 35 -35 -59 -24 27 -86 95 89 -29 95 -13 -4 61 -74 -26 -41 55 41 -84 47 -67 -7 -18 -20 -40 78 5 69 5 42 -11 14 -85 -36 78 -31 -92 98 -58 95 72 80 2 89 97 -87 -8 -88 13 56 -80 56 64 32 -96 94 -80 -47 99 52 -93 -72 1 -66 37 7 -24 -6 -3 -43 15 -85 -37 64 33 -92 35 89 -90 15 81 -79 -22 -19 0 95 39 53 62 11 -63 46 -24 -45 29 -92 92 37 58 33 -19 -72 -72 -52 31 -39 -4 -23 62 59 22 -31 -56 -79 -16 -93 -87 -36 76 -100 -55 -51 -2 -36 12 48 87 -77 -74 46 -99 8
71 -11 -86 -90 -27 -19 -59 74 25 99 9 54 -28 -45 -10 11 -60 -7 -42 35 -13 -10 16 4 20 52 -76 14 87 -89 -33 -90 59 -5 -38 -21 93 -64 76 -80 15 83 30 53 95 -41 -99 -46 -40 -64 36 -44 94 -32 61 3 95 81 -75 28 -9 95 15 71 5 -67 -89 54 98 15 88 -3 22 -38 17 95 95 37 21 -74 -6 26 -84 -5 12 -82 -20 -56 -74 18 42 -42 -43 71 -31 31 -24 -6 -8 -53 -26 7 54 -43 58 -33 -31 -20 15 20 -40 11 -46 1 -38 96 -97 23 73 -58 -29 86 -40 -100 -22 -48 43 -76 -4 75 63 -18 3 26 23 16 -87 100 -30 53 0 78 -21 -75 17 31 15 -63 -66 66
-14 68 -28 92 -84 -78 22 -1 74 78 -56 -28 21 58 -66 -41 -15 85 14 93 -48 24 -25 -60 21 -25 -93 28 89 40 95 32 -4 -32 -87 -65 -9 -91 -23 -31 2 61 9 -53 95 -77 30 17 -7 -10 -72 -57 -33 -35 -64 -42 85 -33 -56 -39 60 -100 -4 -85 81 -22 -61 88 -30 -49 9 27 45 -45 -72 -25 0 47 -18 6 45 -41 -97 96 6 12 -94 30 4 17 -58 14 13 27 -67 -78 80 -55 49 68 75 26 -71 81 53 -2 -35 39 66 -67 -22 -92 79 42 60 -67 -58 93 31 -100 82 -3 22 -43 -9 -83 -54 76 -41 91 61 -3 -91 84 78 56 47 -46 72 36 64 57 -38 -76 55 -38 67 -25 -31 -98
-36 61 -92 -42 27 74 48 26 -7 -54 -20 -60 -84 71 84 24 -38 60 67 98 -82 11 -64 -56 21 53 -12 -85 -10 -2 -48 -90 31 34 80 4 -65 -79 43 -68 93 52 46 78 80 64 52 48 31 19 -95 -89 -25 92 -15 9 36 -33 53 -99 80 100 24 79 41 -59 -22 -53 12 81 -29 71 -83 -94 78 59 6 33 -16 -14 76 79 60 -9 -24 65 -48 -96 51 64 47 0 -6 76 -44 -23 54 27 13 100 -37 25 24 -70 20 34 40 6 22 97 9 -87 -85 -69 59 98 -74 23 -1 23 -27 -37 37 -43 -24 86 10 -81 -54 -90 41 -63 85 -70 -15 -70 82 -17 -69 32 0 29 -78 -3 31 80 100 -11 22 -80
68 68 11 -40 -52 -4 10 -91 37 -15 -51 65 53 49 -95 26 82 19 32 81 89 51 28 97 22 72 -52 -40 11 -71 -75 92 -72 -76 36 60 -67 19 8 64 16 -33 42 5 6 22 -13 -52 -67 -7 -33 -6 -80 95 20 -19 -79 -59 5 -87 49 18 -29 -22 -56 -14 16 17 -3 9 16 17 39 -69 14 -18 13 5 56 30 -20 7 39 -33 -40 -5 -55 74 56 -58 99 95 -55 7 -95 65 28 91 -19 62 -86 -47 0 -74 -67 4 90 -1 30 -43 -3 50 -38 74 -67 32 45 -84 14 5 7 -50 -12 81 69 -78 -87 66 37 -47 -59 36 2 -85 61 -53 -56 62 15 67 -24 53 -8 -50 -66 95 12 -45 15 57
90 -88 19 -21 56 23 98 48 -53 -19 -74 63 41 -44 -12 11 -77 -72 29 32 -4 -26 84 33 -55 69 71 -32 -59 -5 -32 -47 0 -67 -70 -3 -15 -28 -27 22 93 17 18 19 47 26 44 21 82 -85 11 -96 66 45 12 96 -88 -72 98 -81 -12 -88 53 -44 12 84 71 57 50 16 -74 12 91 99 84 -19 -67 86 -28 11 -57 -10 -46 31 23 -62 1 70 -92 11 93 -55 73 12 -86 -98 -62 -19 47 -9 46 -68 80 69 8 -83 -4 -72 5 -28 74 30 82 38 -91 -91 -25 -6 -92 -45 -58 -6 28 -52 14 96 -16 9 48 86 -36 -46 95 21 52 1 55 46 -52 -92 61 47 -84 -98 -67 -52 -37 70 -19 32
31 -60 54 -67 59 49 -16 -6 54 25 -25 69 93 85 -56 -27 62 12 -88 -94 39 37 -54 49 2 -30 79 41 -15 -25 79 -41 -17 22 31 52 60 -22 23 52 66 -82 61 -3 0 -28 71 87 6 98 53 27 92 99 -90 26 -3 -11 45 72 85 85 -27 -53 6 20 -76 66 -64 93 98 -61 -9 61 42 -71 -84 -58 68 76 -40 8 8 55 51 97 -38 34 92 -19 8 -45 -39 4 -4 19 94 67 90 -74 -66 -9 80 -72 -64 -76 -33 28 -89 38 47 -32 95 -25 62 1 52 27 9 -75 45 34 26 11 95 -68 -31 30 14 96 71 -53 96 -17 88 -68 -70 81 3 -32 85 -45 -95 64 -56 84 -30 83 60 -20
79 -77 3 -47 -88 -49 -23 57 -74 6 70 -74 93 46 -39 33 8 25 -13 -17 -28 -24 -35 1 34 74 -42 -58 27 -6 99 34 -81 -37 -45 23 76 -43 59 65 -76 58 54 64 -100 78 -16 43 -90 69 64 -92 -97 -99 86 99 -5 -45 -34 -45 -17 -46 -64 51 -17 55 -32 -74 -59 -80 -39 46 92 -18 -56 -66 27 -95 43 2 -64 65 16 22 -91 87 92 -31 87 93 49 91 36 -7 7 -32 86 -88 -34 91 25 -3 72 -81 -1 65 87 -42 -62 17 -55 -49 75 5 -51 90 26 63 -48 42 -40 -21 -61 -88 -26 -66 -37 36 19 -79 56 -11 72 -67 -59 27 9 -76 48 55 -3 83 -100 34 -14 72 11 93 24 30
41 39 27 -92 88 23 70 97 -36 -18 -81 -51 4 63 72 -91 22 -27 69 -35 31 13 5 19 -29 -49 -37 12 -56 63 84 48 -77 -50 75 96 51 -4 -9 -66 51 -57 -49 38 38 -46 -89 -51 77 -55 98 -97 75 35 -34 -90 73 85 32 -38 -15 62 90 -96 -1 37 0 5 -82 -23 -87 -61 -52 -32 59 65 72 -94 83 -52 70 -54 97 67 18 -79 74 -50 -74 -92 7 -65 -4 -22 -5 -45 29 59 94 69 11 84 -46 63 -47 1 -62 70 -47 52 -80 15 76 39 -91 65 8 -21 61 2 -40 76 -45 -53 75 -18 -77 -49 92 -25 -67 -67 1 -94 100 85 74 69 93 -54 -25 -65 -6 51 -84 -97 2 -62 -7 45
-61 89 57 -46 -64 -85 -52 -100 -73 99 17 67 70 34 16 -7 -68 70 79 -80 71 63 -76 -26 -19 35 0 -75 -75 0 67 49 78 -82 78 84 -94 56 82 4 -14 11 -23 69 -73 42 25 72 29 68 76 -67 -14 11 -83 -99 42 58 -55 -46 96 95 -29 68 60 -45 28 -77 92 -80 67 -81 -5 57 -25 51 -56 -92 -29 -74 63 58 46 -78 -9 -21 68 84 77 37 3 -22 -92 -49 77 13 76 -75 -23 -92 15 -84 -64 -50 10 -54 -94 -42 -92 -15 42 -8 -83 83 95 51 3 -91 -2 86 -38 -76 34 36 -46 -29 2 -4 -40 -95 -30 -11 19 -69 31 -21 -75 83 -57 -20 20 61 -82 -83 -71 -68 -34 -95 60 -89
10 -92 -26 92 1 24 -48 46 94 29 -4 -24 -82 78 -33 -16 88 -25 82 22 91 -5 -93 100 65 -63 -65 -42 52 -77 7 -52 74 -53 79 -88 -99 90 -85 53 -4 53 9 -43 -48 76 -3 70 2 -24 89 -4 -78 66 100 89 82 -6 59 -23 97 84 -7 77 45 -90 22 55 23 5 -85 -64 -32 25 75 -82 90 49 2 12 55 -96 66 71 -31 -47 -6 95 -85 93 68 46 39 -78 99 -60 -59 6 -31 11 13 2 38 24 69 57 98 -63 -4 71 -7 -63 -82 -31 -33 100 78 81 -52 33 -97 98 100 85 -50 -73 -76 -61 -68 -84 22 12 -94 20 -16 94 -79 99 11 -41 -78 -70 -97 11 -53 100 -35 -4 58 85
-80 91 51 -31 -75 92 -4 0 -43 -17 46 -72 14 -81 62 -25 42 37 66 -87 40 74 59 -2 17 -63 49 57 75 22 46 -46 10 45 -89 71 -96 20 -63 13 -77 -55 43 99 75 51 -22 -75 20 52 81 -72 49 82 1 20 -4 -76 -96 -40 -35 -32 -15 27 41 -28 -66 31 30 80 50 -18 56 -41 -13 -84 59 -71 -21 -99 64 -60 -74 60 -7 31 -88 -18 88 -18 10 -23 -19 62 29 -62 -15 -44 10 -37 -56 -6 -38 2 69 -22 26 43 -15 69 -73 -77 -36 -83 29 76 80 25 50 1 25 82 11 9 30 -74 34 58 -88 -76 -7 76 13 -95 -89 98 -72 -31 -31 33 10 -49 78 -52 37 -90 -92 29 71 -64
29 95 -89 6 35 23 9 69 23 -58 -92 82 -57 6 8 -83 -79 81 95 -70 58 -26 89 -71 -8 52 27 -55 79 13 97 -67 -96 22 25 21 -22 83 56 -47 16 -43 -79 -60 -21 -4 -99 47 -80 -29 -56 94 -82 89 -23 -78 72 70 17 33 -27 -18 -5 83 55 85 -58 97 -63 75 20 -18 -50 44 39 -78 16 -93 80 13 96 55 34 35 -29 -83 85 56 -69 -78 15 -77 28 -66 39 98 89 76 -41 -97 40 -25 -92 -47 62 44 -61 66 -75 -28 -25 3 47 -1 32 -13 86 26 63 44 -43 -89 70 15 -47 -31 68 33 -55 -86 83 -38 -80 -98 -61 52 -16 -67 -3 33 -9 42 -14 -30 96 90 -36 32 -39 -40
-95 53 67 -17 -85 -11 93 -84 -26 33 53 4 -60 -93 77 -66 -22 25 90 -79 25 -38 -59 97 -72 25 -60 -40 97 21 50 37 -45 -65 -33 1 56 -77 30 -36 -91 19 13 70 -64 83 7 -96 75 -13 93 7 46 -66 -21 -70 -76 80 -75 -87 -61 23 63 -29 51 91 42 61 -83 -12 52 60 78 17 49 23 -59 12 6 -43 -14 52 -97 87 73 -1 28 -27 -52 34 -22 17 -29 -52 -79 -12 -7 -56 -47 -11 -98 -30 29 -18 76 -3 31 -19 -14 -53 -44 50 56 -63 28 5 -65 -44 -81 -4 -89 53 -47 -40 93 -23 -41 -3 -46 -100 -50 -11 29 77 -38 -33 22 -50 89 -38 -31 -28 -89 69 23 9 30 -8 -57 -15
-65 -50 5 51 -26 -28 10 0 92 -50 59 -93 10 -89 15 -17 7 -52 -10 -67 -100 47 44 71 -60 -85 -46 0 -9 11 68 -22 -96 33 -20 8 -60 -27 42 -19 53 82 -91 -35 89 22 98 -7 -47 60 -49 -56 -17 26 -57 -87 -59 60 74 -23 -14 11 2 -57 -58 8 -84 -90 52 -18 -69 95 -64 96 8 35 -78 12 78 32 51 6 -38 24 -58 87 -91 71 54 -39 61 -8 -25 90 -73 -99 72 -69 30 4 -1 34 89 -27 -85 27 34 -59 -32 -100 64 -97 37 -84 -45 29 62 62 -72 -69 -20 72 24 76 100 -50 9 95 -55 -69 37 32 55 -71 -49 31 -35 -15 35 5 -49 99 -87 77 80 -7 1 98 7 -66
-23 -14 2 26 11 7 1 -24 -72 46 -26 56 90 47 93 -39 -74 -80 -20 10 -20 69 -43 -16 11 -50 79 -42 82 -64 46 -68 -24 11 -58 78 6 -54 62 95 -29 -20 -14 14 65 59 15 97 -11 31 60 -35 55 -40 -27 -25 64 74 -38 -39 14 -23 -37 -7 -28 2 79 21 87 99 30 10 -63 -59 -70 -24 -42 -20 -97 19 70 73 -23 65 -46 -4 57 -90 -13 83 -38 18 19 30 -17 13 -63 36 -97 -3 -11 -67 93 80 -76 -45 -85 -74 16 6 -45 76 -90 -44 -69 -98 -64 -78 0 -22 56 -33 -87 -94 -47 41 32 27 85 -19 -82 -19 94 17 -55 41 71 36 3 -89 78 66 67 -58 70 -13 -18 -99 10 95
51 56 68 98 63 84 44 9 42 55 -58 -83 81 40 -82 -25 -70 72 39 -14 -35 59 81 -91 59 -88 -2 18 2 61 -15 39 -96 -35 -49 28 38 -1 -10 -11 -55 -7 77 -54 -9 37 -15 -9 -7 -84 -26 -11 56 73 -71 4 -61 10 -14 -53 -48 38 -11 -46 -90 1 -25 16 -96 80 -28 -37 40 33 -79 -96 -57 83 -87 -42 -4 75 48 85 16 32 79 29 -35 72 -28 -14 -92 65 84 6 -39 62 36 -73 61 10 2 -26 3 -6 -40 37 63 -25 -96 33 -34 -39 36 96 -49 -5 -36 -81 54 0 -5 -41 54 18 35 66 65 -80 85 32 -68 -73 -94 14 -61 51 -99 16 -1 -44 31 42 30 -28 79 -4 1 72
-61 16 -12 -11 84 -75 5 15 -85 41 68 44 -53 31 -73 82 -2 80 -10 13 6 4 1 -86 -88 71 -33 54 56 -50 -59 -97 -38 35 90 78 -69 74 0 -41 -86 -96 -69 -10 -73 91 -31 40 8 -61 22 3 74 -65 57 -40 66 22 13 -32 51 51 -93 -12 -78 33 -42 -54 -80 36 -72 0 1 13 89 86 -20 -45 69 45 -60 -98 27 74 42 -6 -66 -99 -86 68 -9 14 28 -44 21 5 -79 58 -98 -43 -44 -57 -88 32 -19 -61 62 98 20 1 -30 47 -53 23 -49 48 79 79 72 -22 70 14 26 -30 -78 -36 -77 2 -56 -31 -43 3 -36 -42 -36 29 34 75 -89 25 46 2 33 -28 3 67 -23 86 20 -21
20 -93 75 -33 61 38 -56 -53 -53 -48 41 81 -30 -1 43 70 34 7 64 -74 98 -75 58 81 -18 76 46 -95 -70 98 -88 49 76 -23 75 -69 -53 -4 -54 51 -7 -26 -64 -23 64 -73 24 95 60 100 12 19 -65 89 -90 -33 87 51 -65 51 -18 -11 48 -57 -97 6 -1 73 -99 -62 38 55 -45 80 66 -2 -59 -85 -57 -77 20 -22 -21 21 1 80 6 57 83 0 50 -70 -63 -24 48 22 91 71 77 -71 26 46 -98 95 0 -47 -16 -23 -30 -17 73 -35 66 66 5 68 68 59 30 30 -59 -64 95 -91 74 66 50 70 24 45 -85 -55 63 -68 17 7 32 -42 14 -76 94 92 8 -57 7 40 -55 5 65 7
100 16 -41 -98 89 -58 -53 -90 51 -17 -16 -75 -100 -95 -91 -89 26 -95 -84 9 -7 62 -37 -48 -3 24 -75 76 16 34 98 91 47 40 76 -18 -25 -42 83 -19 -36 64 42 -91 -13 -36 -59 -84 42 -33 20 84 95 -78 -24 -41 71 43 -42 80 -75 0 14 90 31 -78 74 77 12 47 -4 27 10 31 -56 76 6 16 -78 -1 90 71 28 52 21 -87 5 -22 67 71 88 55 81 -27 -2 11 -72 31 -22 61 -46 29 73 15 22 -1 -64 98 -97 34 -22 -40 -30 -62 -47 -10 -46 83 -50 59 13 84 64 -19 6 88 -67 -20 15 -52 20 -13 -66 -47 52 71 -81 77 -44 64 85 93 -71 -28 49 50 78 -31 -78 -58
-83 -12 -81 -4 -78 -7 -93 82 -81 -14 70 85 -36 1 -49 100 96 17 -43 77 88 94 77 92 9 -59 -6 -46 43 -1 -90 -52 -7 4 -88 88 -53 83 -21 82 -3 0 64 39 53 72 31 -94 -32 -91 -87 70 -67 19 -81 -69 73 68 -82 -69 -57 -55 47 52 25 82 -27 -52 -21 93 23 -65 -3 -38 -72 81 84 -29 -16 -60 -33 0 -92 -63 -51 -43 -72 16 60 94 27 -86 -66 -36 -55 -26 52 -13 85 -29 95 -75 -25 90 -69 -42 -62 -69 37 31 -87 -27 75 -42 87 -74 -37 -46 -47 1 46 -21 -76 -97 96 99 -6 -49 -31 72 -10 43 -26 23 55 -74 63 -70 -34 78 -84 -13 -88 8 86 90 -33 -77 -82 -10
-55 -9 -39 -80 21 7 64 -69 65 78 42 95 61 98 -37 -1 -74 53 71 -91 -63 50 23 66 39 55 -40 93 -64 -53 30 -35 -92 47 -54 -52 -25 96 -1 -99 5 -82 1 2 44 3 -22 -74 -87 -20 -63 54 -74 -54 47 -76 -4 25 -63 2 18 -21 -2 55 -95 1 63 -69 42 -61 -18 13 -85 -54 -8 23 -3 59 98 -76 -57 59 -63 -29 -65 45 95 94 61 -11 99 -79 54 -78 -47 -44 22 9 -25 49 -27 76 83 -89 18 -61 6 16 40 -96 -30 -94 -95 30 -98 -26 10 -97 -97 18 -85 38 1 62 26 98 -67 -6 -59 -63 48 54 -36 -59 44 -48 -39 91 70 -54 85 -38 -67 -87 66 -47 -10 8 -30 -9
65 55 -22 -36 -99 -53 42 -26 -46 62 100 84 62 56 -69 -7 65 97 66 52 61 -29 -48 24 14 58 51 72 -67 57 58 -24 -85 81 -48 71 -72 -83 79 -83 -34 -53 -74 -72 11 52 61 21 37 -41 -68 49 65 -7 11 34 -93 47 -40 92 -60 65 86 -76 59 57 -56 -39 -36 -11 -66 -59 -26 -85 -71 18 -99 49 -35 50 -8 -12 -36 44 -89 -96 -6 80 -11 -72 -35 -46 -46 -14 -28 82 82 3 65 76 -95 85 24 35 85 -18 30 31 27 -57 -94 1 -35 83 49 28 51 -55 -58 -77 -40 0 58 -73 -77 -6 -80 2 -93 -10 18 45 -97 -21 81 78 -26 -85 -87 -3 37 -41 1 -69 -8 34 48 21 75 46
-85 77 64 -47 93 49 17 30 85 -76 46 -71 -38 -98 25 -74 8 -62 -2 70 80 51 86 -42 75 10 -28 31 29 88 0 93 -76 76 -23 74 4 -2 -81 13 6 -16 73 47 17 -45 -63 -32 91 -75 4 -78 69 -50 25 60 98 -56 -100 34 -17 -50 5 51 15 74 27 90 -71 57 -47 94 97 -5 42 6 87 53 -93 -93 -68 29 10 -33 91 100 -43 23 -79 29 -18 -49 -67 89 -100 -95 -12 93 0 39 -35 64 -56 -4 35 -86 -83 -61 -85 16 -55 44 -60 -72 82 -15 -96 52 91 -63 85 -24 39 96 -94 -100 84 -73 6 -100 -25 49 -65 -8 -53 -35 79 11 85 41 -38 -77 -99 73 24 -53 -75 -71 91 53
-19 89 -70 34 52 -63 68 46 22 47 -33 -97 54 38 -79 77 79 -85 7 95 -98 17 61 94 -98 18 -54 -16 -37 99 19 62 63 -45 -75 -6 -26 -83 -24 55 -50 -28 -48 -43 52 88 -84 99 68 -87 -40 79 9 -88 20 96 86 7 27 -14 43 -63 -51 -12 -55 -50 62 44 -5 52 9 -78 -22 -96 -25 27 -48 19 96 23 6 -45 25 64 -44 61 -63 36 -72 -7 -88 -16 3 82 81 -30 31 100 79 -83 87 53 -66 56 90 93 73 -61 25 -66 23 -79 33 -92 -20 -71 -19 -29 -8 83 66 -84 80 -14 -46 15 20 -98 46 5 46 62 -51 -20 12 29 31 -82 51 100 31 -52 65 -24 -26 40 -36 -97 -33 -8
-2 -62 -69 20 90 37 73 -31 97 8 1 73 -29 -52 29 -98 -72 7 100 26 -35 14 70 -10 83 -3 -76 31 93 4 91 -26 22 -16 72 54 -24 -97 40 89 -63 95 -99 -90 33 79 14 30 -83 44 65 -24 3 -30 10 46 -2 -32 70 -35 -12 -82 49 67 0 -74 46 -92 56 96 -87 50 -69 -90 -42 22 -25 73 78 -93 -74 -42 -78 24 14 -8 11 55 -7 -65 25 -86 13 -33 -40 -26 42 -23 -55 41 -20 42 96 50 0 65 9 -39 -62 -100 40 -90 -65 93 83 31 -100 21 -51 81 64 66 -80 -39 -42 -45 -44 -84 17 38 74 69 -85 -71 25 83 -95 67 66 35 -49 87 -41 -53 60 73 -2 -13 -2 11
23 -46 -78 -61 -96 78 96 40 -24 -96 67 26 -53 -16 13 -21 19 -62 60 -5 -90 38 -45 43 -92 -94 -60 -62 24 -69 -93 64 -44 -30 -42 7 1 -74 89 5 73 -59 -99 11 9 -25 -57 61 -38 -36 95 22 42 -61 93 -41 -19 -91 -57 34 96 55 -19 -99 30 -91 -73 38 68 42 -71 -38 42 25 26 7 95 -70 -29 -90 88 -40 3 21 75 -70 39 99 6 1 -22 92 24 -62 -36 93 -89 60 89 60 -36 -41 -32 64 -12 -71 69 84 2 -32 26 -34 -90 -6 50 -33 -26 -79 85 -18 66 50 43 -83 -12 -1 -28 -92 -83 -54 -4 -84 19 -57 27 -10 94 21 -22 -5 -27 -92 25 -13 54 -84 27 -79 -8 -28
-92 -79 2 -57 -61 44 68 70 -95 96 51 2 1 33 -71 -53 -42 -98 -52 29 -85 94 7 -89 -97 -58 -41 12 99 -36 -33 -30 46 25 7 -64 80 -98 -92 26 57 79 -79 70 22 -73 -66 89 36 35 69 -95 -72 69 17 -56 -18 50 14 81 -67 -70 81 -54 69 20 84 68 -70 -34 -52 -7 -12 27 72 4 -48 68 -62 -98 -50 -56 80 97 -67 -39 39 44 25 94 92 -21 -77 12 66 38 32 29 -27 -88 -24 16 65 -88 15 -41 -94 56 74 -37 -6 -23 78 -48 -10 56 -56 31 87 1 -38 -53 -26 -27 21 64 -4 10 21 42 -90 -68 56 -26 30 30 -49 88 83 80 -2 -81 -48 -4 98 86 95 96 75 99
-92 -98 -92 13 -25 -30 35 -11 -54 44 -73 6 -21 -20 64 59 6 65 -62 -75 -22 -11 69 58 -86 40 -46 41 -13 -31 -49 39 71 78 -85 71 79 -86 -68 31 -37 61 18 12 6 -14 -83 -95 -100 0 12 -64 -71 -63 14 29 66 -45 -98 12 -36 -48 43 60 53 30 63 85 54 37 64 -91 -48 31 91 8 7 -6 54 71 -45 -45 66 -98 -52 -77 30 -32 68 -58 -24 28 98 -9 54 -2 0 -95 16 -57 52 -21 -32 -38 -3 -15 79 60 -79 -76 -90 -58 28 92 22 -80 -43 -70 -3 -16 -76 -6 63 -7 -37 -76 -44 13 -11 -38 53 15 23 -19 33 53 -31 56 -7 -3 -38 89 32 -1 34 58 38 -70 42 12
84 -95 -64 14 -67 -10 -13 -1 76 -7 92 -5 -65 -55 -13 17 64 -41 8 26 -5 8 -59 54 -87 44 58 67 -19 -74 87 48 -97 60 -8 -5 79 98 16 -73 27 23 34 -25 -4 22 -29 -57 49 -24 3 -44 -64 25 14 -2 -90 -39 -38 72 30 45 -32 26 28 -68 -65 4 -2 -10 -40 98 -31 -84 -1 6 88 -55 56 25 -77 -98 -5 89 -96 46 -73 79 -28 -41 -91 -34 59 -72 -22 -55 -85 -79 -27 19 -42 -69 -81 -73 12 75 -39 -23 -27 -69 66 1 -29 67 -16 45 -24 81 -88 22 21 23 88 6 -42 -49 -74 58 -58 -22 -22 -19 46 -31 -43 38 -88 -94 -46 -91 -73 -6 -59 28 -4 37 13 -47 -95 73
-47 -49 -53 -62 -55 -72 -6 -94 -57 -73 58 43 78 22 4 57 99 68 -1 0 70 -16 -52 21 99 82 37 -96 28 35 -13 44 14 -87 9 40 13 -62 -71 76 -9 40 -66 6 -28 44 50 30 45 52 45 -96 1 4 -36 -19 79 -94 -53 4 68 74 78 -30 -98 12 -90 -27 44 -63 57 39 4 -14 43 -74 -35 66 96 57 -58 78 -28 60 98 72 85 76 8 -40 -28 83 30 -9 -45 -77 -23 -26 -45 -25 -10 -36 -98 -6 -64 9 -76 84 -17 -24 -57 -44 37 52 53 11 -23 70 17 -82 38 40 -92 -85 40 -49 -75 35 -47 88 91 82 90 -23 46 96 -78 -3 -32 16 96 -78 75 -65 88 -35 58 -64 -2 4
-80 17 -62 59 -69 -58 -1 -25 -9 91 62 -36 -58 71 84 98 65 45 98 79 -87 68 -96 -9 -29 -99 -11 -30 36 37 -60 6 -36 -21 -38 11 -58 77 -13 32 -75 12 -14 -11 73 -44 -63 24 -97 -19 -80 -94 55 -18 -62 -25 55 -34 -72 -95 4 54 94 45 23 58 73 -8 -78 -78 34 -15 -90 -9 85 -20 68 20 -18 -7 79 -22 -29 -53 -52 55 -92 16 39 -58 -34 -86 -74 -13 -71 -89 55 12 1 -16 82 -22 -27 -68 88 -79 -22 -20 -37 -75 48 -15 97 -81 -51 -88 69 -42 -56 -88 97 71 46 -13 41 -95 -54 -72 98 74 -12 -57 95 -57 -69 84 -72 98 76 81 -67 61 15 -92 71 -70 75 12 -25 -89
9 -34 -17 -58 35 4 -5 -59 -64 -43 -25 -67 21 -74 -98 -45 38 38 -75 -73 -61 98 60 56 -90 -81 55 -80 -30 -46 81 100 -45 79 -95 -35 68 -62 68 -26 52 -99 -21 78 -34 -9 -78 -61 44 61 49 -95 -11 -10 98 -15 56 5 -52 -80 65 17 -70 -62 7 13 -46 -9 -31 -83 -48 -30 -14 17 -31 -7 -53 -99 75 54 100 62 -91 -69 -25 78 31 51 -69 27 95 72 46 -50 -35 7 -25 -35 82 -40 -20 -76 0 78 96 96 21 -43 84 17 43 98 49 -7 63 85 -43 -62 58 56 88 -41 28 58 90 -6 -71 91 -26 -64 1 -32 21 76 71 -63 -78 -18 62 -30 -43 71 -26 56 45 -60 40 -78 -49 -22
-37 13 64 3 1 -7 -18 -43 49 96 -69 -16 -60 5 98 83 42 1 -76 64 -87 3 90 81 95 -51 -21 -25 -56 78 -80 32 100 16 -32 50 44 -82 -13 -72 4 42 72 -61 -2 -26 -14 -36 50 -22 82 23 48 11 85 -80 -8 -21 56 -38 33 54 80 41 9 -93 48 24 -79 -55 -25 -23 60 14 -54 46 8 36 3 -62 -20 27 65 -32 -66 48 -73 77 94 -29 -64 -77 34 53 72 13 89 61 23 55 -54 35 4 -15 -16 33 -61 35 -44 47 60 39 -72 85 -33 92 -86 -80 -91 -10 19 100 30 -63 -70 -67 -93 -12 30 74 7 -57 -34 -61 -99 69 -30 -2 -83 -20 60 -53 11 67 -40 53 -16 96 -73 42
63 -24 77 48 -73 -67 -30 -13 68 -22 -90 1 -3 4 89 61 -95 -19 -15 -79 -28 27 4 31 24 22 -88 -13 -86 94 53 51 -41 -37 -23 -81 100 -41 -89 49 -78 -44 1 60 -33 -51 13 30 50 -11 64 -48 -44 -71 69 33 -65 -5 -97 87 -20 -5 -83 -95 74 89 -32 19 48 -73 -15 -66 -52 6 22 20 -14 -94 41 34 -28 23 3 -10 32 -73 25 -29 52 62 -80 92 -30 -25 37 34 31 48 84 -95 32 -33 9 93 89 78 99 75 -85 -27 99 -10 59 -79 -28 100 -40 85 47 -47 43 -89 17 41 -68 13 26 -4 69 -43 -96 -85 -24 -39 84 -3 3 -9 -93 -43 -2 -60 -60 100 -6 77 -94 100 -69 -4
93 9 59 -52 -90 26 -37 -30 -73 -2 -1 73 -17 64 70 -30 19 30 -91 90 -10 18 -21 -44 -64 94 86 28 21 4 -6 32 -4 90 62 14 50 48 61 43 -2 13 -11 -23 -13 -13 -70 -64 -1 33 -25 42 74 78 -72 -38 -11 23 70 44 -58 -7 40 91 84 35 -31 50 -31 -59 -4 9 -86 26 -28 83 71 96 -18 64 -11 -23 -13 -55 -60 98 -30 11 17 -9 -75 -38 -28 -39 -4 -7 -28 -56 -94 2 -97 62 75 76 39 -79 -61 -68 -71 -93 80 -16 -48 35 -51 -53 1 91 25 33 -68 -69 -98 50 -91 48 -67 -36 -33 39 -13 10 38 6 81 -66 -32 53 -49 -58 28 52 50 70 32 65 -86 3 -21 -80
-25 -56 24 -24 -84 22 -2 -14 -62 -20 75 -100 79 -88 -84 -88 -91 25 -28 71 -50 -63 17 -20 -22 47 -99 77 83 -26 47 39 18 71 -60 -98 48 -65 -75 -88 -63 40 87 -44 72 92 -38 76 33 49 99 32 27 -1 100 77 -18 54 -28 24 3 0 -52 -28 -16 30 86 -21 18 -28 97 -58 93 -42 -38 -96 75 -92 40 74 80 -25 -85 2 36 55 88 12 70 -69 62 -1 86 -6 3 -72 64 -98 -50 87 79 58 66 -17 -71 -11 -68 8 29 57 4 89 9 -24 24 4 -90 -89 45 -20 75 83 42 96 -45 -7 -29 -21 17 -40 32 -10 28 19 -71 -63 84 44 14 50 46 88 53 -44 47 -9 52 -63 12 93
-40 -2 -87 -35 -91 10 55 9 -13 -42 -56 -92 -29 -37 -91 19 -73 48 80 7 87 -98 20 92 16 -64 -19 86 4 -16 -88 98 -19 58 63 8 100 98 26 9 95 80 -15 -14 54 47 19 -6 38 -14 3 -6 -66 -6 -12 -93 -22 -95 77 41 69 -34 -2 11 88 -63 -93 21 25 -99 -76 -3 -92 -86 96 15 -96 89 28 -62 -5 56 -8 85 -52 -18 61 -74 72 2 25 4 5 -45 5 -36 54 90 5 -95 5 -15 -85 85 35 19 27 92 -81 -81 71 69 34 -23 -4 9 73 -61 -42 -75 -65 -31 53 76 -7 24 -21 -66 -100 31 78 33 24 -34 21 -45 -97 -83 94 33 27 -46 -52 -89 40 3 100 -15 87 -29
-89 85 -59 -42 -51 36 -87 63 -3 22 87 -62 -96 -42 17 89 -25 -37 -35 4 -85 18 -97 84 -90 -13 59 -99 -48 38 -72 -49 12 26 -11 18 -43 -45 -94 -73 -11 56 -37 92 -71 -59 -14 30 15 55 96 -22 83 32 -32 26 8 -44 88 -25 -90 -87 4 -5 -38 -92 55 -45 -83 51 67 63 -42 19 94 12 49 46 9 42 -88 96 -40 -53 -11 -11 -27 47 -80 77 47 51 31 88 13 19 89 68 53 15 26 86 16 5 38 47 -62 43 -90 -60 37 60 44 22 40 -57 -43 -33 78 26 -38 15 26 -44 -34 -23 45 7 -34 -89 6 43 -54 1 -14 -80 -4 75 -38 81 42 72 89 72 34 -18 -64 88 27 61
46 -96 65 26 -29 7 49 -29 -91 -54 -27 -24 -84 -68 -87 79 -40 -41 -17 69 -36 -30 -32 -42 -74 55 -16 -94 -4 -17 -42 -63 62 -9 0 97 78 -80 71 -54 26 -25 11 35 -63 -58 82 -30 -37 53 -17 17 13 -49 -47 72 67 64 -73 53 0 -33 -36 4 49 -71 -21 -86 58 -78 58 99 59 -42 32 -63 -5 -67 -38 21 -17 62 -52 -86 36 47 -19 18 -40 53 9 96 92 77 0 -7 76 -90 -7 6 -92 -31 -95 -14 99 16 76 -84 -81 -32 -98 18 -97 -31 -68 -36 31 -8 -29 -20 82 32 44 -3 -51 75 -20 36 -38 20 -78 -63 -25 57 -75 19 -71 -36 42 -63 80 -60 17 -2 -58 -91 24 92 -8 34
-53 -6 -9 46 -78 -2 -88 -44 39 7 91 -23 64 74 -35 12 -53 58 60 -9 53 63 74 -76 50 13 -36 24 -12 -87 75 44 84 -35 -54 -40 10 60 61 70 65 5 58 -55 60 -52 38 -80 -86 -71 43 -78 1 -20 43 -23 25 26 -23 -67 -39 13 52 25 -13 -22 -22 -66 -91 -21 -33 0 4 -4 -75 -79 29 -38 -82 79 -43 -22 80 20 100 -78 18 -31 -39 -1 -37 96 -85 62 -15 49 19 37 -2 38 -39 22 -84 -51 71 91 41 -45 88 -82 -81 19 37 92 -68 45 -48 76 93 -2 70 -72 56 -51 50 61 63 -70 -75 6 89 -41 17 94 -5 35 -20 22 9 38 25 -57 97 -97 28 39 10 75 63 32
71 -72 -81 -47 65 79 -53 -5 7 77 52 -3 76 14 -20 29 59 -98 -29 -7 42 99 89 21 53 56 69 94 -6 54 3 29 14 69 40 3 0 -6 -3 95 61 38 80 -18 72 25 92 15 -64 -50 58 -73 51 51 79 -92 -33 29 46 -39 50 -87 -48 24 -90 51 -82 -40 -11 75 -69 -6 14 8 41 70 3 -36 -5 69 99 76 -42 35 18 -15 68 85 72 -74 43 60 79 42 -48 31 -64 56 72 -13 -31 -2 -78 53 -3 -48 -42 -61 31 22 -24 13 -43 16 -22 -25 6 -66 -24 -23 96 -82 59 -10 41 58 4 -94 43 -33 -76 -68 -83 49 37 83 76 0 81 -11 -60 -29 -67 -71 40 -16 19 -45 -91 9
21 -65 -67 90 -90 -80 -77 89 25 73 66 52 33 63 83 -64 -44 60 53 -73 85 77 66 -45 18 21 -20 -15 -13 88 75 31 6 -82 -32 -97 97 -45 54 37 95 -51 -73 -100 60 61 25 -77 59 27 48 -2 -43 -14 -14 15 -15 58 -58 -79 -86 -2 14 -23 76 -56 -50 -86 37 -20 -44 62 70 -51 -61 -7 -49 45 -65 68 -89 91 -47 -53 -74 -38 44 -49 62 -7 -68 -21 45 92 40 -95 -1 -72 -70 -60 -82 -88 11 -36 9 27 6 -32 63 -64 -55 67 -75 66 -12 12 -93 -98 -62 -77 -91 29 13 87 7 -50 62 -99 43 23 -17 -25 10 -58 56 -37 -65 91 -44 78 97 44 80 9 24 23 -22 -44 90 -6
-62 -30 64 -21 -48 23 81 5 -8 -97 -71 45 -45 73 26 -58 -51 17 -69 -61 63 -30 69 52 -72 11 47 -81 -91 -11 -83 66 86 100 20 -91 50 -31 78 -70 -43 64 32 -13 39 -96 28 -37 32 -7 -71 47 65 -31 -38 60 -64 46 10 -15 23 26 -10 -91 -17 69 -98 85 30 -24 -37 82 -91 -1 57 76 2 96 38 -74 -53 4 -32 -99 -92 48 99 25 -41 -61 -78 -72 -94 -31 -37 -31 9 -96 56 -74 -89 20 88 -33 85 84 78 -6 87 -94 67 -93 -23 38 -75 81 -66 1 -39 31 -64 76 -40 46 -6 38 75 17 21 2 -66 -77 -83 -46 73 85 -33 22 -19 -57 18 -47 -76 36 -61 64 -12 17 -42 86
-6 -43 50 -19 52 27 -5 -6 -75 62 -89 -19 43 -70 77 33 -83 8 -91 -84 -100 -82 -63 5 57 94 9 -27 -98 71 -43 72 60 14 25 85 35 95 -39 -36 91 -99 -57 -60 80 1 98 93 33 51 -62 5 21 -38 16 -21 -62 54 53 72 53 -34 78 90 71 -28 11 -9 42 49 97 22 -69 -83 70 -10 -82 82 50 7 64 -19 7 -28 68 8 46 1 56 -25 72 20 -48 -79 -84 -36 44 -33 93 -47 -99 -1 66 90 63 73 26 -45 -55 79 -39 -61 31 -7 72 -47 71 70 -4 29 -53 -67 39 -45 -50 14 -64 -9 -72 -8 -77 -23 -19 -81 47 -73 -85 -12 82 -32 45 29 43 -43 3 97 34 -41 -19 -74
-63 -24 -34 -65 70 47 -50 62 -13 89 14 16 95 57 9 70 -38 -66 -36 27 46 100 -61 -1 -61 22 45 67 -90 98 -77 1 -63 54 -52 -46 -25 83 86 49 -51 46 -93 43 7 49 -66 29 92 43 81 -37 2 9 -28 54 98 -2 90 -85 50 10 96 -88 -78 38 60 -6 -50 98 93 -95 -43 -39 -90 32 -46 -95 83 73 35 43 -26 -12 -92 -60 -59 -39 -23 -17 -88 42 -51 -6 -20 -48 6 -86 -61 76 8 -80 -58 60 -85 -77 -60 58 -3 21 30 -5 12 -52 48 36 -85 8 -84 95 95 -13 -32 -47 13 79 42 -62 31 48 90 19 61 -25 52 -59 93 -69 -31 1 -54 41 -1 52 36 -25 -68 -74 -94 74
-65 -37 56 -18 70 -11 -48 43 -40 13 33 -68 -72 -47 75 22 38 -97 -3 -95 -85 51 65 -72 19 -58 -82 13 -99 68 -100 36 39 -68 12 -96 -31 -6 -9 -17 30 -55 90 -75 -27 14 26 -14 37 -61 -74 -82 31 71 57 -35 95 -56 -35 8 -26 15 -45 -38 7 8 -42 88 15 -52 1 89 55 69 19 16 -16 -91 -67 52 91 -89 31 -42 36 -93 4 62 17 -60 -27 76 49 -17 94 -76 -48 56 76 40 91 -22 -96 7 -39 -98 63 -73 -44 50 9 -8 25 -97 -65 -90 -38 76 -52 22 17 -79 79 -80 -15 -25 -22 -69 6 -93 17 -88 83 -81 9 74 83 27 -83 32 -61 -71 -12 -36 -58 4 48 92 -18 -59
72 -33 16 -57 32 21 36 25 -80 52 1 -1 92 -86 39 -92 -85 61 63 -66 70 15 -91 0 -19 -35 2 9 -74 -89 -51 -55 6 -92 -45 59 4 35 -53 48 -2 2 11 -33 -92 15 -96 33 90 54 -69 53 -83 -71 -41 -14 21 90 35 28 -55 -48 93 -84 22 -53 13 -9 -85 -73 -9 -11 -69 -14 88 89 -20 60 77 100 59 -36 -92 -98 -4 -62 -73 25 -36 40 -33 21 65 -20 1 -56 -21 2 40 78 -67 -39 35 75 -82 -82 16 75 -75 70 -82 14 5 55 -90 -54 -53 -94 -15 -58 65 -12 3 58 -27 26 -69 74 67 61 80 -18 -13 3 -99 97 67 29 -9 85 92 -69 -4 11 -14 -91 -9 56 19 -53
-52 -33 31 20 -94 11 91 74 59 -51 13 -94 10 90 -53 -12 60 -20 -20 94 -68 12 94 43 -80 91 84 -69 70 94 52 8 73 56 99 87 0 32 -18 -78 9 -28 -82 -56 -77 -22 78 18 23 65 -91 -45 -89 -14 10 -49 81 -79 35 -83 60 -86 -91 -35 -20 3 -4 85 45 -51 -39 -8 0 -77 -44 54 69 -14 -80 -76 21 21 -43 17 4 10 72 94 79 -16 58 -70 13 -77 -72 -86 -84 -52 49 93 71 65 -23 -36 -26 -57 -3 43 -56 42 -77 -25 86 98 -56 -45 -71 -8 84 15 -74 -75 -55 -59 28 82 73 57 -18 89 -15 -14 -28 70 22 76 42 38 -30 -9 72 28 44 -2 -50 87 -92 88 -80 -92
-62 -16 94 22 64 19 -57 -79 50 1 -60 -80 5 57 74 6 39 -33 -40 -54 -85 93 89 -24 91 93 54 76 -71 -29 34 77 -1 8 -21 -47 64 -38 -83 92 -28 6 41 -14 -6 -31 67 -46 35 60 82 86 -79 -42 73 -13 -11 -37 -32 -80 -19 31 -83 -7 18 15 67 -37 -50 30 -87 -52 -37 68 65 83 78 95 8 -34 -88 -66 37 53 -51 11 96 -60 -89 -90 -76 -45 -7 38 -86 -75 86 100 10 26 16 -4 -16 -4 74 -74 40 -25 24 -7 46 86 -99 -10 40 63 -61 40 -83 -67 7 -15 53 62 90 -83 -85 2 14 -45 -6 38 25 36 54 -2 53 -20 -63 -76 10 19 -66 -72 37 -33 -92 -31 37 72
-68 39 41 71 -85 41 -1 13 68 -100 -62 69 57 -31 -34 -77 28 -24 67 39 -96 69 9 -67 38 -19 -59 87 -90 28 15 -43 45 -60 56 -31 -76 77 -59 56 48 83 0 -9 -63 40 32 -63 -66 -90 -14 82 -96 -61 86 -47 -36 -32 49 -92 -12 80 -72 76 99 33 -97 55 -40 -67 0 -6 -74 -79 86 97 -50 -6 13 63 60 -29 24 -77 -24 40 19 22 -12 -62 -76 -66 70 9 14 -53 -94 -55 -1 -74 14 87 16 50 -62 -27 80 5 25 -35 -20 -39 -54 80 46 81 -88 77 -8 72 -34 42 9 33 -33 -76 34 -45 34 27 -89 -87 51 60 62 -97 81 -78 -31 -57 -52 -70 89 -4 -7 49 -57 -32 -5 -34
54 28 -89 -41 14 -16 25 82 -60 -90 49 61 -80 -36 -35 29 16 -13 62 62 -66 -76 90 25 89 19 24 34 -47 -32 10 36 -50 38 69 -48 -9 76 73 -28 -98 86 -65 20 42 30 64 -30 -4 43 81 -44 -89 68 -60 72 -20 -66 -9 59 -82 23 -63 86 95 -68 -69 86 -11 -54 -70 -80 87 57 -72 82 1 18 60 47 57 -23 77 34 89 -82 1 -66 -77 -64 -2 36 -89 -31 8 48 89 -39 -48 -49 -10 31 -39 19 -37 -89 -41 48 88 -13 42 -53 -1 -64 -12 15 51 -41 -51 -4 -53 -86 7 -57 -79 65 6 84 11 -72 4 -16 53 90 17 -73 42 -95 37 11 97 59 68 -74 -28 -90 -98 -13 -85 43
-98 -71 45 49 -12 -27 -34 -71 68 25 57 -56 -98 35 84 61 47 -41 -62 -97 -29 -79 -19 -21 -65 -93 -20 48 -33 -55 80 -18 -21 -36 70 -65 -7 72 -93 -30 15 67 -30 46 -4 -71 58 -61 3 41 68 49 -54 -73 -65 100 -14 -39 -77 -25 -95 -37 -50 -66 -72 -90 33 -34 18 -77 6 -59 16 -66 76 -14 6 -48 -67 -77 63 47 79 26 -29 67 -76 35 -10 7 22 96 -18 -38 21 93 40 -33 34 -100 -48 -23 -65 3 3 -75 -50 -35 -100 -6 -31 -90 -8 62 59 -59 -10 -41 84 32 73 52 59 27 -77 -18 -32 35 -100 47 -25 -23 -58 -44 -88 13 58 11 -47 -85 -3 -47 -43 81 95 51 -9 -31 62 -81
-82 -64 27 81 61 25 -60 -27 61 90 -24 15 4 -95 -70 46 -53 -64 -62 60 -32 -22 3 -56 47 73 10 22 -16 41 85 51 1 38 21 -47 9 -47 -77 -24 88 -87 79 -47 -89 39 -7 -35 76 -63 -100 -12 51 39 -56 13 43 73 -66 -65 -60 4 -95 -71 -74 -71 38 64 78 55 -84 -83 68 0 -26 31 82 49 -82 14 12 59 -10 81 51 1 -59 69 -20 -67 45 -46 92 -35 -43 82 -51 -13 -77 -31 -44 5 61 77 51 -52 -22 -29 -15 -4 49 -13 -72 -92 -91 27 31 73 -2 52 67 -22 98 47 -27 87 22 41 -23 70 89 4 -80 32 29 -9 32 -26 23 93 -48 -37 -32 -59 -42 78 -79 -38 70 62
-45 -89 42 89 67 -62 67 3 -56 14 39 -61 45 51 15 -2 12 -55 59 87 78 -95 -24 92 41 -19 -60 22 -97 68 -76 71 -97 11 29 34 -48 81 -57 15 -40 -85 -58 -67 -77 84 -57 38 36 -6 -38 20 95 46 -58 21 47 75 83 -96 41 68 87 66 -69 -43 -65 41 94 77 -25 32 -57 -16 -27 -59 32 -28 89 -25 91 -91 -44 -19 -70 28 54 99 -53 6 -47 13 80 92 63 -79 75 -85 41 15 83 -43 39 -19 25 44 24 -94 65 -95 -33 85 -28 -22 81 45 87 -23 -46 -5 -13 -15 -6 70 94 -32 -40 -75 -21 91 -39 -69 -1 0 -89 54 -70 13 -93 -17 2 14 -46 -43 42 20 3 -31 -21 -17
-32 13 -62 84 -50 -1 -99 31 -4 -92 -100 79 20 -40 16 -24 55 -86 -52 -31 -83 88 8 99 44 -23 6 -52 98 -23 58 36 -73 -30 62 39 -96 17 69 -38 -3 73 -45 -45 -41 -21 28 -38 47 65 -68 73 -90 -46 35 -87 -9 -98 -8 -59 42 -54 -71 17 87 -21 -90 -94 0 10 -33 -60 -39 62 24 79 -46 -74 -61 79 51 -10 55 90 -79 -54 -59 66 87 -20 88 -17 -50 49 34 94 44 -7 40 69 -100 34 17 81 32 11 57 54 -24 -56 -51 33 80 -81 -3 -72 38 -53 -60 -11 -69 22 -1 58 -44 2 51 -76 45 -61 81 9 63 9 -68 -86 31 44 -90 71 -29 24 66 -72 -80 65 10 -66 -4 30
26 -30 85 94 20 -33 72 -3 -69 7 -33 -26 84 64 -65 -64 -6 -90 85 -31 -17 39 88 -79 54 -86 86 -37 9 67 18 98 32 37 68 49 -71 -92 -66 -25 5 -85 68 56 -55 -91 50 44 -73 22 96 -18 26 4 43 -23 76 8 -87 -89 62 89 82 83 -27 -31 44 -85 -14 56 3 82 56 48 -8 -70 -15 20 6 66 -89 93 65 70 4 59 68 -53 -68 58 72 64 37 -83 -46 -5 -76 -37 -28 87 -71 85 -6 -92 -45 89 -72 38 -55 14 -21 92 99 -71 -100 54 11 46 -93 36 17 20 -40 38 -82 -75 91 -17 -81 79 -74 33 7 -71 -47 -38 81 18 -84 55 -71 -55 -40 -60 63 -22 -37 85 98 -71
85 80 -90 28 81 -79 11 61 97 54 -69 -90 78 82 -32 84 3 8 -57 8 52 -94 41 32 -48 68 49 -86 -26 -56 -86 -47 52 72 7 61 -86 -80 33 65 44 64 4 -67 16 31 82 -13 -15 13 27 37 99 99 -47 -23 -36 73 -24 -57 97 -41 -1 77 -24 2 -94 -61 89 -75 -90 -16 -36 -38 84 80 92 100 39 19 23 14 -99 -72 96 -68 41 64 62 41 -17 40 -54 22 -38 61 -18 -36 -51 24 -44 89 -84 33 -6 9 -35 24 92 75 99 61 85 42 80 52 81 -8 -9 13 33 -85 40 92 46 65 -65 50 34 -67 30 67 90 -85 -23 23 -87 89 20 -24 -63 64 76 -96 -33 70 -59 42 88 -69
-82 34 94 32 -74 -85 -14 43 29 -89 57 -64 -19 -56 -7 83 -3 19 -11 25 52 -75 85 54 -50 -29 -74 -61 36 -40 70 -51 35 -25 9 -71 -68 -22 -21 58 7 94 8 6 -70 -88 27 -68 3 -33 98 41 -51 84 40 -27 87 -86 -71 96 -53 -15 4 -99 39 -29 49 86 2 32 -44 69 37 45 19 -69 -47 -37 93 59 -56 -33 69 65 57 35 40 -44 33 -98 86 -89 -47 22 20 64 75 42 -55 -57 2 96 -63 -31 -32 75 -98 40 -52 62 -38 -91 28 -46 39 -82 23 19 -15 -55 58 43 -3 -69 9 54 -67 -53 84 -97 13 60 81 -13 -3 97 88 11 75 66 -94 -99 -10 83 -28 59 53 -12 10 -100
-72 -41 63 76 -42 81 -96 48 -99 49 72 -96 97 13 96 -36 -4 8 44 -44 -35 5 12 -59 33 44 -47 -25 -77 6 86 96 1 33 7 71 -11 -57 -63 -33 -69 -20 59 -21 66 -69 34 99 -87 10 -79 -28 -60 -76 -43 -78 79 19 -24 -35 9 -7 32 -25 -22 -60 -11 88 -24 -80 -75 -54 5 -64 26 -43 -22 77 -81 62 -36 -86 -96 44 -9 -29 3 81 3 -19 -58 1 12 92 44 -78 12 28 75 -84 -5 -36 92 -65 -66 -67 81 -67 35 27 -75 -6 60 -59 -79 -30 -46 -16 -4 21 29 -20 8 -48 -58 35 -1 -16 -14 -73 98 78 63 -38 -15 -90 -14 -79 4 86 -53 -5 -69 86 20 46 38 -46 -28 -60
-46 79 -31 97 87 16 -51 7 95 43 61 9 64 -13 12 30 64 -96 -41 -75 -35 60 -42 -9 60 16 -59 -48 43 100 -20 0 -16 2 -74 58 -79 -87 72 11 72 -8 67 33 32 -94 70 89 47 -42 67 41 64 -97 90 -62 -50 -36 -5 33 -32 -23 78 -47 2 -7 35 -45 -96 -50 -92 -65 -22 -55 -53 67 -5 47 -86 56 41 38 80 45 70 -44 -34 -7 -34 -34 15 -88 -12 -30 -8 -87 -15 42 -13 -5 87 -39 -25 -93 -59 33 67 56 32 1 -45 24 52 -73 -20 -28 -61 0 61 15 -8 -92 -11 -18 -40 -48 28 51 49 79 -27 -84 -40 39 2 -57 -48 -52 -10 -70 3 22 81 -40 -80 98 75 -41 -75 73
44 -59 -20 -97 -3 52 -61 33 3 84 42 12 92 -4 35 42 -12 -90 44 57 64 -53 -58 16 65 19 4 85 40 95 15 -33 65 33 -86 -1 -63 -24 -3 16 3 83 67 67 70 -42 25 16 -51 -29 -22 -33 69 67 57 -60 92 19 -21 69 31 -54 -2 -5 -62 76 7 -57 65 5 18 45 11 -62 -53 88 -2 -10 -27 64 -31 -79 -28 43 -32 15 -32 -56 52 -12 -11 42 3 -48 100 -25 23 -5 -84 95 -23 -45 -68 -94 5 69 9 -97 9 -62 15 -46 -56 -84 86 26 3 72 -73 80 -18 8 -70 -17 85 56 39 19 98 91 22 -22 -27 42 34 -13 80 -82 82 -23 67 -25 33 -28 -91 11 -68 -40 54 -66
83 -10 83 -61 -98 -66 17 38 -100 45 -33 93 -8 38 -93 -84 29 -54 -14 62 22 11 44 21 62 37 64 6 60 44 -78 20 -86 53 1 82 63 -98 -5 17 -69 -27 5 24 67 -55 24 -50 -85 21 14 -10 -96 60 -98 57 50 64 83 -56 77 73 -95 6 -94 -96 -30 -16 30 11 19 -38 18 -58 -34 -81 83 27 -12 27 -90 13 8 -38 -18 79 -23 95 94 71 22 67 20 -55 -42 83 -44 84 -46 83 -67 70 83 2 5 17 24 -56 14 -50 -13 7 100 -83 -37 31 23 42 -63 22 -27 -26 75 70 -57 -83 -74 -74 23 100 7 38 68 13 -53 -11 -31 -47 -15 -50 6 -85 -72 -55 32 74 -29 -5 -84 17
58 93 67 78 -56 -93 33 94 -19 64 -79 -92 -12 11 -67 -48 89 -72 60 -1 -43 96 50 -45 -69 -74 44 64 42 -50 -96 -33 83 -21 93 62 -93 45 -89 -10 -83 7 70 -66 91 1 86 -53 69 -75 21 89 -38 39 69 26 -87 -56 36 -51 -33 -28 -88 39 73 -73 -23 -89 -47 -4 -95 66 -73 -4 -57 -82 -29 43 58 -28 -40 -53 9 62 -8 -59 74 8 49 -40 -99 -92 30 83 -40 70 86 12 -35 8 15 82 -11 25 -86 44 29 9 -82 68 34 16 -74 28 -82 -41 53 28 54 -36 -89 -40 46 -46 -17 -12 -16 -18 96 49 43 20 -35 -74 78 -74 -64 83 4 -55 23 -94 -88 -39 -74 -54 -9 -19 65 83
32 77 29 83 -25 -28 51 -1 34 12 25 72 92 -46 -85 -68 65 21 -45 -66 88 77 -88 -48 48 -97 48 19 -86 66 -55 46 -71 41 -51 -93 -16 1 58 69 52 41 -31 53 -68 -71 23 71 -38 -4 -59 -43 -28 -9 -26 -93 33 39 33 -84 81 -86 76 80 -73 -30 6 -53 -62 -6 -30 11 -81 -32 19 81 10 55 -48 11 -78 -85 82 -45 -74 -95 -38 70 36 -73 84 36 -54 83 24 60 79 64 80 -6 -1 43 38 -1 21 48 32 50 77 27 -88 -46 74 21 -28 51 41 44 -85 23 -77 -13 43 -42 -58 41 -56 -96 10 -16 -33 -58 -29 -31 -70 -90 -54 -40 -1 -85 -21 64 8 -15 -39 68 23 -95 -62 -10
-16 -37 -3 -56 50 1 42 -66 -51 -27 -89 -24 -9 33 -21 -67 21 81 -51 -97 58 -76 7 69 -56 2 36 -22 76 37 -95 46 -79 -79 82 83 -8 62 54 62 98 -31 40 -52 37 31 30 64 -83 58 35 -1 -1 -63 -26 -71 -15 61 16 -81 54 30 -93 -41 -63 -65 -22 -62 -38 -71 89 64 -36 22 -100 92 -6 -32 -46 61 1 73 -16 38 69 -79 -63 -92 40 -78 -21 95 -62 -15 -17 -81 78 81 -68 47 65 -99 -48 -39 65 -14 -3 56 94 -75 -49 73 -44 -81 -69 -99 -5 77 53 -45 -24 -54 6 -89 77 29 47 35 -79 86 -41 68 46 -51 26 44 35 14 39 -47 30 -12 -72 41 50 -14 15 64 -89 -23
-84 -13 81 -54 82 45 0 64 -47 18 -10 -27 -63 87 82 1 65 16 -31 63 0 51 19 86 38 80 -9 -50 44 -98 21 -28 -12 69 67 93 41 -45 7 -44 -18 -91 -50 -88 90 -16 -90 -64 -53 -68 -19 -70 -49 30 -10 44 -33 62 -4 42 72 30 46 -81 41 -98 -98 -54 -26 -61 -31 32 -27 -73 -26 83 -84 79 85 52 51 -3 100 51 48 -12 -66 83 23 32 -35 -52 -73 -54 -45 -10 -41 -27 53 100 42 53 -1 -35 -58 -15 42 -28 -55 32 81 -28 -73 -74 -73 9 8 90 59 54 -44 -35 -68 -9 -76 -32 98 56 -83 -56 -56 70 91 91 -33 -36 31 -66 100 -1 35 47 34 -31 -91 -48 -43 16 -45 6
-6 25 6 25 -3 71 -86 -65 14 -45 -85 11 -21 -50 -88 -19 -16 55 28 -57 66 -38 59 67 -39 53 -7 53 93 -40 -66 -18 72 -10 -65 96 -58 99 53 10 99 -96 -42 95 -55 -53 -56 64 50 -10 -41 76 -79 40 -15 75 1 -50 51 -33 -58 15 -24 -41 42 -30 55 -27 -99 -98 -62 -64 45 9 -36 -38 -3 59 -70 26 -81 -51 -59 -19 53 99 -64 18 -87 5 -28 -36 96 26 -12 27 -89 100 0 -85 93 77 71 -74 -12 -47 -83 -40 67 1 20 -15 97 89 -31 -16 60 45 -59 -61 -51 -88 -60 -16 -50 42 -99 -31 33 -74 14 58 46 -25 35 93 52 -98 -95 -12 -94 97 -23 42 95 -53 -78 91 51 -100
87 -55 48 19 -11 -32 -65 -45 -42 7 -32 96 19 -63 54 28 -18 66 -67 10 -43 -10 9 -20 83 84 16 38 -48 20 -85 24 -90 -44 68 71 49 -68 52 -16 67 72 73 78 54 89 -59 29 -7 -15 -40 -41 -88 -47 45 -45 -46 7 56 -1 -29 -82 -85 -22 -75 -78 -65 2 -29 -82 16 -58 54 79 69 -88 -64 93 99 -46 80 75 -73 -9 73 4 3 56 -27 -70 3 -39 -44 -41 65 11 93 34 -26 -100 -4 84 -4 -64 -31 49 47 -34 -49 -79 -95 56 -83 80 -54 81 48 24 96 -96 19 1 -47 69 96 22 -34 -87 -16 57 95 35 25 -36 15 -43 72 -38 70 -74 32 82 -95 7 39 -75 66 -43 64 -75
-59 -77 -28 -99 -20 -24 70 37 -45 -28 17 -15 -88 89 24 65 -77 9 -20 -25 16 26 80 -21 73 -53 52 87 -75 -40 11 -6 66 -79 17 -80 -77 -44 -95 72 18 -84 10 71 51 -92 -28 98 -59 81 62 82 87 -55 -3 -57 -30 -59 77 -26 61 -40 -52 -82 -50 76 -85 -62 27 -33 -40 20 -63 -16 81 14 92 -65 90 -22 57 -89 -33 13 -58 91 -34 9 70 60 19 -69 59 -82 -15 -8 -55 -24 82 -24 31 -93 -76 41 -69 -85 -24 -85 30 47 36 62 -8 -60 -85 37 -28 59 -82 -35 76 10 15 -41 93 -42 -76 -14 31 20 -12 -80 -71 -61 -26 52 -80 -46 26 -64 98 21 -59 -39 30 49 -86 41 -27 -72
73 69 -36 -53 -51 -14 -90 -25 37 18 -32 53 -80 93 6 -4 18 -81 35 -40 -42 -45 89 -97 -30 -8 -43 39 -95 46 -89 -13 33 47 28 47 24 -37 -91 -91 56 -63 69 -31 7 5 -49 -53 4 -53 43 27 -2 73 91 -74 -61 62 90 -22 -57 7 62 99 50 -64 45 72 5 91 90 -27 96 -27 57 37 61 57 40 98 -96 25 90 69 -55 -14 -60 93 100 55 -3 31 -13 -7 73 60 -25 28 11 -33 49 -59 22 9 -99 -87 -27 31 68 -37 -31 63 46 -95 16 -30 -80 84 47 -83 -89 -16 -41 -2 -36 -5 89 89 2 -61 -72 -74 55 -40 13 -78 75 -59 33 8 20 60 -24 -90 45 14 -44 -36 -46 50
-21 -40 88 96 54 -98 25 98 32 67 19 61 -29 -10 45 96 -98 67 -15 3 79 84 96 -84 35 99 -63 28 -54 -17 71 10 81 46 -95 28 18 92 -47 4 44 6 -26 28 42 -95 -67 74 -99 -73 51 -14 16 -22 -31 -92 36 65 87 -54 -26 -38 -96 -19 -51 49 23 10 75 -65 -10 22 11 84 -10 -6 25 26 -87 -92 -21 63 94 20 85 30 35 -24 63 -13 -1 -55 36 -80 -39 -84 77 -56 55 -1 63 -99 4 -77 22 75 42 -22 60 -41 14 -99 86 0 4 7 -59 18 5 2 5 99 59 48 88 9 -47 90 61 28 69 -95 -46 -89 44 43 -46 -26 -91 -3 29 50 75 -3 81 40 80 66 -45 -97
-54 36 -62 -19 29 -47 -81 -100 -22 -43 -13 -94 -21 -41 -30 11 55 48 60 58 -96 19 62 -50 -16 42 2 -25 94 54 -45 -47 -76 -63 -46 -66 -11 53 -39 -5 75 -28 73 83 40 -81 -6 -40 10 46 -34 7 -74 32 51 -17 -100 -37 20 -100 -5 -76 24 -56 82 60 -61 69 -89 63 76 -65 24 -96 -99 55 68 -96 18 77 50 7 75 46 -28 -100 -9 -76 95 -81 -41 37 -48 18 74 23 41 56 7 6 -93 -60 52 -85 -44 29 -70 39 -1 -15 -62 -95 12 23 -9 -11 -98 25 -63 79 -55 37 21 61 5 53 19 92 -5 79 52 -58 -56 -27 -17 -67 19 72 -33 50 -30 -84 -28 -78 27 -60 -89 62 1 -91
-55 -12 100 -84 16 53 69 -11 -31 -23 24 -86 22 -92 78 -64 -29 75 64 -54 -41 -23 16 68 82 -17 83 29 76 11 6 -35 21 1 -90 38 98 43 88 100 -20 -80 -92 -72 75 51 -54 -48 -92 53 -38 -38 -94 87 -91 -27 69 54 -81 97 -17 -92 -17 -70 21 60 16 -27 -85 -1 97 -53 -94 20 38 -59 -70 -86 -65 77 0 -43 37 84 -57 19 4 10 -5 71 86 -6 -26 -28 -92 67 18 -49 -76 -17 82 62 -29 47 50 26 -50 55 75 -19 19 -16 37 21 -52 -92 51 -65 56 -82 27 16 78 65 -88 -47 -72 -32 12 -25 100 52 22 80 -31 86 76 -5 -65 94 39 -52 91 -35 -64 36 -1 -92 -58 -1
-41 20 94 79 15 35 4 -93 -94 7 -64 33 -93 75 -19 99 -62 -49 6 -94 0 -49 -87 4 22 -14 -2 -72 50 -63 -21 51 10 -78 -74 36 22 96 -76 90 21 -13 87 -21 68 -76 78 -20 -65 5 7 -72 -93 77 -43 -53 31 -91 -56 70 23 -54 -3 -28 18 -74 -58 40 -63 31 46 94 -49 67 66 48 -100 -70 -62 -49 -13 -71 -51 70 -60 -79 -25 -28 -99 49 11 -48 90 12 44 -88 -44 25 -73 57 -65 41 -97 97 92 -15 -20 -69 4 -32 -40 -72 -31 -91 -31 44 -54 65 99 96 -3 39 -70 -61 24 -76 -34 32 39 -43 -67 -38 -29 -25 -65 100 72 -24 94 80 33 -17 62 63 62 87 67 -1 -91 79
-49 -37 6 -78 -68 25 -25 51 58 27 87 -98 -70 -13 -22 90 -5 -69 21 -98 -27 -88 -54 -6 3 -8 -53 70 41 1 -53 -74 50 -41 -42 -45 69 95 -38 35 -52 -56 68 99 -45 19 -30 45 83 88 38 -48 69 -42 -34 36 -9 95 22 68 66 -94 37 16 41 20 -43 -56 -6 24 -8 51 60 5 -42 21 -90 -30 71 88 32 -14 -53 -40 -16 -89 -70 -82 -82 60 -21 55 86 -5 -34 21 -77 -33 -39 -67 98 -45 72 95 -14 -79 83 -37 2 -48 47 53 -24 15 4 97 65 -93 59 19 46 -10 11 99 19 94 20 -7 -60 92 65 -8 -14 48 11 88 -82 66 46 -54 -6 -43 95 64 -49 -21 29 -75 -59 43
-9 -27 -31 -90 -21 -51 -69 -54 49 -31 82 97 -78 7 35 -86 99 85 34 -59 59 -20 42 -60 90 -9 -64 -36 57 84 -60 14 69 -7 -21 -55 -25 -79 91 94 -39 26 67 -56 -43 50 2 13 -24 14 -50 35 74 -22 87 -69 94 -39 -87 3 -42 12 -38 37 -98 28 -33 -10 -85 88 62 -50 -92 45 50 -97 -78 -77 17 42 72 10 69 13 82 2 5 -83 -65 -54 -71 19 52 -70 -56 92 -50 -86 14 -85 -87 37 12 32 -61 59 -31 39 -31 -50 -21 71 81 53 36 75 -33 -40 -69 -60 53 25 71 -25 -60 -67 71 -98 -48 44 92 6 31 -69 38 -78 -42 -80 17 -64 95 49 -3 95 -89 4 25 90 -77 84
36 86 93 87 25 32 -64 10 72 71 -95 -26 -44 -99 98 -59 -14 41 -30 -17 -53 -30 63 -11 -77 -37 -71 -93 -45 -12 2 -87 -40 -54 10 10 -73 47 32 64 -60 92 23 45 52 -62 61 8 17 95 -100 59 87 -81 84 52 56 57 71 31 -39 68 39 42 -35 -85 46 -32 -35 -31 -45 40 -14 -79 18 -28 -33 84 -42 86 70 78 97 61 95 -65 21 -53 40 35 93 77 17 -87 -26 -69 -66 -19 -82 -3 -93 39 75 -3 -49 1 13 48 -58 -24 -27 27 -44 87 96 -43 4 -95 43 4 74 44 -37 31 36 47 71 -17 95 -91 98 0 -68 81 43 5 -88 8 -58 -15 53 -28 -95 51 -17 -22 17 -79 79 -40
3 32 58 -54 3 -75 -64 73 26 65 -54 57 68 83 -37 -93 -90 54 25 14 -8 -75 85 71 49 -69 93 -41 32 62 -12 4 93 41 11 21 -96 -46 89 96 -5 18 13 58 42 63 26 7 75 41 2 32 17 -79 -33 -66 -48 51 44 52 66 -84 -98 -17 58 13 -59 16 -87 50 57 -59 75 -74 50 98 -16 -38 92 57 -79 -52 42 -60 -90 23 38 -96 -70 5 -91 56 52 -69 -88 -33 -40 89 -14 -24 -1 31 46 15 54 27 -62 -56 82 -79 36 53 -16 -57 -72 -79 -91 59 87 -64 36 63 8 50 -1 -63 -16 95 68 53 51 89 11 53 39 36 96 -51 6 -7 -66 44 -84 -47 13 85 19 -2 -33 2
33 -20 29 -42 7 -23 82 90 -49 -56 16 -29 -16 46 -5 52 -9 86 35 36 48 62 -91 -23 62 7 -7 -67 78 73 -63 15 22 49 -57 57 12 3 89 80 -8 70 68 90 89 92 -4 87 -99 -100 -88 75 100 -30 -18 -87 -50 57 6 -21 -93 1 56 24 68 -93 -28 -22 -32 -70 -11 77 83 87 -46 -59 -92 -69 -97 42 61 68 -64 -27 -12 20 18 49 -16 -35 52 -90 -76 -93 -70 -38 -70 98 -91 59 40 99 -99 -60 40 71 -30 -28 90 6 -24 -70 65 86 19 96 46 34 45 -35 -7 83 -89 29 49 -27 -82 22 -18 88 -18 54 11 15 38 -90 -88 -21 33 53 -47 13 100 -78 69 73 17 -48 -15 5
48 -40 86 -83 -72 -92 2 64 -63 -49 8 99 68 86 -33 -16 81 5 -90 -74 22 -1 -43 -4 80 39 81 -19 -24 67 -18 50 96 -43 -57 -38 7 97 93 5 -54 97 2 -14 -80 -27 4 5 24 -38 54 -4 40 73 -95 -61 -39 -93 11 -12 1 27 -96 47 -28 -61 -84 9 14 -97 14 -4 -7 14 49 -70 44 -82 74 57 -30 -12 61 67 6 -76 65 -55 -23 71 -7 -22 40 3 -11 80 -52 21 -11 -24 -77 -27 87 -41 -59 -93 -2 -56 19 24 -30 78 97 -77 -56 -9 14 24 8 60 42 -80 -100 -87 -53 96 -37 93 53 68 60 -90 -29 -63 30 58 -51 47 -75 -6 25 38 27 -48 83 7 46 -35 -17 -26
-26 -52 -33 52 93 66 40 -94 47 -43 8 4 62 3 -63 0 96 -86 -39 17 -8 -89 5 7 -46 -66 40 -97 -53 -5 60 -10 -5 44 -5 -72 96 8 -73 -60 69 -13 -65 52 62 -48 -23 -9 -29 52 8 -83 1 99 63 56 67 -12 79 38 -41 95 49 100 28 -28 16 -63 33 11 -6 -57 15 79 -30 79 -81 -76 21 42 50 99 99 -8 -19 31 24 -74 -18 99 97 -32 4 -86 -11 23 -44 -15 82 20 -76 18 -55 3 100 -12 -62 84 -83 56 90 -87 -79 45 49 -8 53 -8 77 -70 22 -69 17 40 60 -52 -77 74 64 -99 34 -74 -71 68 -77 2 6 13 -47 -58 62 3 82 53 45 -92 3 -67 8 15
-75 -81 92 57 -92 53 -22 -20 -96 -85 16 -39 8 41 49 74 50 -87 -69 -29 -73 27 94 -94 -42 39 94 -99 -10 -92 47 6 59 -14 -29 -50 -94 87 -23 97 -7 87 58 22 28 69 -86 -61 -78 -77 -8 -42 15 -22 -7 12 67 -80 62 -52 -32 1 -11 -11 72 -54 27 -71 81 -15 -28 78 78 -99 -64 -10 -6 -100 -72 44 -1 27 18 -14 -34 -10 -2 10 -35 9 -9 29 -71 -27 -73 42 -14 -80 -2 -99 80 40 82 4 8 8 -27 85 86 64 -96 9 -42 84 69 -35 -3 -45 -60 -42 -92 31 -69 -69 -55 78 63 -93 -97 -32 -66 83 -35 43 57 -85 23 68 93 -44 -5 80 7 -15 -18 14 78 -48 85 -24
-31 -54 27 -89 -57 -88 12 38 42 -40 68 -55 -28 -5 -64 47 9 -94 -71 66 100 13 0 38 -92 -43 -86 50 -57 87 -31 -59 -24 -4 46 -36 34 67 -1 -98 -49 -77 -4 74 -75 -10 38 -65 -1 23 45 97 65 28 -39 -89 15 -1 9 94 -58 -63 45 18 68 -42 36 -63 64 45 -70 -88 -25 -84 27 61 -49 -83 -41 -49 -80 77 -31 62 -47 18 9 89 -15 -13 -16 -26 -29 -81 5 -4 50 55 38 -75 -12 80 -85 73 -18 -88 -33 -27 -11 96 -83 49 -42 -37 67 -79 95 -95 -33 -72 2 -10 57 -53 -12 -48 96 -81 -19 74 93 48 -9 54 60 88 -12 20 89 96 31 54 49 65 4 -36 -56 100 11 -75
99 33 48 39 73 19 -13 -89 -69 -52 63 40 32 -27 60 83 -1 73 -38 66 -5 -7 78 86 -76 -100 41 70 -57 38 76 -38 97 63 -12 -39 93 29 -12 71 -14 91 -18 -33 -82 -4 -11 -4 73 -54 43 -40 -86 -42 -88 -91 -15 90 49 -46 9 -73 95 6 -76 79 90 51 -55 -92 71 -33 -11 56 19 -15 -21 79 19 -11 51 -4 -59 71 72 47 -65 -95 35 28 -83 -61 -33 -35 78 23 58 -45 27 -83 -61 -23 77 -79 -61 64 63 40 -71 -37 -51 -28 -59 74 28 26 -61 39 -5 51 96 4 -23 46 -49 23 42 68 -48 -33 68 -12 -26 -92 -45 99 71 64 92 -71 22 23 -93 -50 -40 -27 -90 72 -46 -77
41 43 -13 26 2 93 59 -54 19 1 44 12 -9 -94 26 37 2 77 -43 2 -25 -44 -14 36 -100 18 32 -20 -83 -68 -93 30 -32 18 -96 -37 -83 -92 -15 89 100 -55 -32 -65 80 56 95 55 93 -10 94 37 -38 -40 -15 -36 -35 -16 36 78 -68 70 -67 34 24 26 -98 -84 7 3 -21 45 43 34 -15 -4 72 -14 38 91 97 54 -22 46 -47 -36 49 -75 -63 -24 79 -78 -10 -47 58 -9 -10 39 -58 -69 51 -38 12 84 24 -47 79 -44 25 3 -84 53 -1 57 6 -98 -85 16 -94 -18 28 -28 -76 -31 -39 -86 5 75 17 55 40 82 -75 -87 -31 32 35 81 -91 86 -42 1 -62 -9 -73 67 -94 55 -28 92
-78 46 -12 -5 -84 -32 33 -99 -3 -46 -94 24 82 -6 -32 -78 69 46 24 1 -51 89 -33 32 1 -30 18 -85 93 -53 82 -39 44 57 58 95 5 -58 -33 -38 -100 66 -15 -69 -50 -23 -5 66 61 97 -87 84 24 -34 34 -9 12 75 17 62 -42 8 -94 -88 86 -82 32 -53 -83 -22 -22 62 75 -89 94 3 53 28 -84 -3 -75 -56 34 -77 -42 47 -2 -63 -64 70 28 75 41 5 80 75 -21 -24 55 10 62 90 -66 33 84 46 51 92 73 -12 -96 84 41 64 -66 97 -58 40 -45 87 97 -84 17 75 -80 -62 89 -77 69 32 1 -67 15 -59 57 93 59 42 7 -87 60 13 -28 3 21 -92 18 -25 74 -26
26 28 72 30 21 -21 -33 8 -82 4 86 -69 13 99 -10 15 -73 -51 -20 -21 -79 4 -14 11 -84 -52 38 -44 52 18 -11 10 90 -93 -59 -31 88 4 77 -76 -96 -29 87 -72 -67 78 -73 -50 43 2 -63 -99 -21 -3 32 -17 65 85 100 -72 38 97 61 19 26 -61 91 53 -63 28 11 -33 -75 15 -88 -21 11 5 -20 -89 -59 -57 97 -96 84 -53 38 -38 -97 -7 50 -48 93 97 -53 -26 -2 -9 -43 16 -95 15 -6 -25 -86 -59 -80 94 51 -65 -80 96 15 29 84 57 -22 -45 -45 -29 90 43 26 -34 79 -90 -51 71 -23 42 79 -4 -43 -34 -82 -58 -62 71 0 -63 -93 -17 10 -63 -64 -35 -23 45 -96 40
-24 -72 -81 -66 6 -30 -86 14 -1 38 22 -54 72 44 -99 65 -14 -40 75 -44 81 52 -92 -15 -77 -85 -71 62 82 84 45 79 -83 -69 -45 65 -33 -5 -94 34 -98 -81 -21 64 -63 -67 -54 72 -90 -42 -82 -57 30 -38 41 4 27 -55 -81 -40 85 64 -61 -69 -50 -39 84 62 -93 -59 -94 64 -2 -43 56 82 -34 97 -62 92 -50 -97 47 -30 57 0 72 6 44 14 86 -90 -5 -74 -7 -72 -6 93 -92 38 66 61 -52 -35 -58 47 42 76 -84 -35 61 7 75 -45 0 -4 90 -87 0 -99 -26 -60 -2 18 -19 -28 100 -68 98 66 77 -70 42 -28 -96 -18 28 -14 -58 -21 -18 100 -31 96 -56 58 -91 -44 56 46
11 -85 -61 -82 -76 27 0 53 75 -23 -90 29 37 -61 -13 -46 -82 1 -10 -89 -98 5 3 -9 100 -38 71 87 -68 34 4 -19 -7 65 -11 77 -95 -19 -97 93 49 -57 82 -99 -88 -69 -61 31 -27 61 -10 -3 -80 -43 25 -32 31 87 -5 -53 -7 6 32 -48 83 -66 33 53 20 22 -45 53 38 25 31 -14 63 11 -30 -57 16 -19 78 39 -61 -16 -25 61 39 -90 64 -9 -88 22 -67 42 49 75 53 45 -56 23 -56 0 -63 32 93 -37 -17 0 57 -1 66 -40 -60 51 11 -38 56 76 43 -7 46 -56 -90 -60 34 -32 41 -24 66 -25 0 10 -25 7 21 75 44 9 0 87 16 -69 -95 82 72 35 -43 52
-51 -63 -29 8 23 94 27 -33 -59 -67 63 -65 -36 -70 18 55 66 3 14 8 -94 -1 85 62 37 -91 62 83 45 53 -96 81 50 -43 68 -22 -73 52 24 51 13 -37 -33 -72 -21 -33 -7 -69 -13 -18 -53 29 90 95 29 98 81 50 68 63 -71 -70 28 58 76 -23 -52 65 82 65 -45 71 -33 -98 92 18 13 94 -79 3 82 -19 37 -19 84 11 -31 37 -11 -49 -44 27 73 79 99 -89 -4 89 91 -92 -34 -22 35 -78 -27 4 81 23 -24 -57 -73 3 15 66 -33 94 94 -39 47 39 32 26 77 -47 51 -68 44 -60 -37 74 -38 81 59 -92 48 -87 15 68 -33 -12 -32 70 73 75 -74 -9 77 76 68 12
-43 32 68 -67 -86 8 -4 9 13 64 -4 -20 87 -18 -19 -8 -64 -34 86 49 64 34 23 58 -37 93 -80 -8 3 62 44 -38 -26 18 24 -62 -6 -80 -22 32 -77 -80 21 -49 47 -56 56 -60 25 -6 -47 67 -70 85 -39 -49 55 53 84 27 68 38 -82 -28 18 -71 7 -11 -40 61 33 -42 17 -64 -61 40 -7 -39 -24 -99 -85 58 80 -68 -86 68 22 -77 -94 -82 16 -16 -32 39 72 -70 76 10 12 -76 -18 -44 23 -7 71 63 -70 -26 95 -58 -46 52 68 59 84 -21 -22 -100 -33 -54 27 68 -24 -49 24 -87 4 -26 -5 81 -54 97 43 4 -39 -69 66 -98 57 -44 82 35 -18 -87 39 -69 -32 76 63 86
