50 -79 64 56 -56 -22 -30 92 71 -21 7 -69 76 -38 40 53 -58 33 -40 -70 16 10 -89 38 -2
-45 -40 -5 2 -71 47 -33 18 32 -9 65 -9 69 66 37 -18 -100 -84 15 6 54 10 -31 31 -26
-15 -30 9 -20 -90 95 -39 -91 8 -24 -27 -52 63 19 20 -97 15 -96 -17 -13 45 9 94 81 -36
57 -51 -92 -96 -46 -10 -49 30 -48 -70 45 -84 -49 -52 100 48 73 53 58 -32 100 -30 -52 9 -36
91 29 -6 56 -48 -45 -21 56 83 71 -32 74 -97 -26 -80 -38 -70 100 15 -54 -53 18 59 57 -24
-30 -76 -3 -56 -12 57 62 -49 27 -36 20 -18 -95 -11 17 43 -27 -89 75 45 -35 57 -85 -70 46
-95 31 -77 68 62 52 79 -81 7 -14 72 87 63 7 84 3 73 27 -39 59 -57 -78 73 -66 -17
24 18 -20 -92 67 -22 23 -56 94 -95 -4 -67 39 56 -4 73 83 -7 44 -56 -36 16 -23 37 -36
-79 79 -84 95 33 41 -67 7 6 81 99 38 16 99 -57 -75 -38 -56 57 95 -93 -53 -53 -84 91
-53 3 79 -84 56 -90 -95 -79 -15 -91 -31 75 -71 31 -45 0 -9 38 40 75 53 65 -6 -34 -18
69 50 -38 89 -34 -15 47 13 -96 -18 -41 58 -87 5 69 -12 -74 -99 -8 50 -8 11 51 -6 -62
-31 -3 40 6 23 83 -32 62 95 -88 -20 -77 95 -55 -15 11 -54 -71 55 -22 56 25 25 -78 37
55 79 25 96 -12 -29 -28 -40 -99 -18 -73 -44 -79 87 98 -27 76 -46 -73 71 11 -95 -29 15 12
-83 -5 -86 78 54 -100 32 13 -32 -35 77 94 -88 -3 -2 60 -92 6 -94 71 10 -93 -63 -19 -32
77 -83 59 -82 57 49 10 -84 -28 -36 35 -3 -56 68 -40 15 85 -3 -68 -4 33 -47 70 92 -82
39 -5 -1 -10 -21 -48 -8 13 22 62 -3 14 38 92 -43 -65 -79 6 -70 -52 -27 26 -40 -75 38
-91 -59 69 24 62 -55 -6 53 22 98 38 34 -6 10 -87 33 9 26 -8 12 -72 41 -59 -62 -65
-87 -12 50 51 56 53 0 83 58 20 21 19 -83 -46 -36 -82 29 -53 81 30 52 -70 -8 -33 -43
-21 89 -33 -9 49 -62 15 40 -48 48 -44 -20 74 -44 77 83 -7 -81 -94 34 48 -6 -31 -68 -60
61 -16 -9 -8 -48 80 -75 -88 90 13 -9 -91 -9 -17 40 -23 -57 -66 16 -27 -26 91 -17 -10 51
-38 -26 -13 74 55 37 -30 -98 -92 24 32 50 -12 93 -94 40 -98 80 52 -6 93 -6 -4 -90 -93
-72 -81 -73 66 -36 15 17 -18 94 -75 -61 17 26 -90 84 60 -66 -74 -27 27 -8 46 97 62 83
-25 -3 84 -57 -82 -12 -76 26 -99 23 4 -98 28 -26 88 70 -67 -24 -7 10 93 38 -30 53 52
2 89 0 -90 -14 31 65 -32 27 31 77 -32 20 -96 -39 -80 6 -72 56 92 -53 8 85 54 0
92 18 -93 6 32 -1 50 70 -46 49 29 74 -22 -16 68 -53 37 -9 68 78 -49 30 -36 -27 -78
