-54 46 -49 -92 100 -70 -59 -99 51 70 -23 86 31 -32 -73 44 4 -67 46 -71 67 -45 -35 -83 -79 -29 -100 70 -56 4 38 34 -66 37 80 -90 97 -87 38 49 -84 100 57 48 72 41 -16 60 48 30
75 -12 -12 78 -62 -28 -17 65 -11 64 36 -99 96 77 -90 -9 22 45 -43 -43 35 92 27 -36 90 -71 -75 51 -72 77 -26 -26 -45 7 -20 -51 44 81 -81 -42 -97 72 49 34 54 25 -4 -40 -9 -82
16 55 82 -37 -83 9 8 88 22 67 69 53 -6 -60 -64 70 -80 -19 -60 -25 -100 33 -4 84 12 87 -42 38 -26 71 -26 -48 55 71 28 50 24 81 17 24 -46 96 -60 79 -97 96 -64 44 68 81
-65 -30 -47 -16 20 61 -62 -80 20 8 -87 80 -56 100 79 47 -98 25 67 -51 82 -70 96 0 58 -2 -57 -51 33 -14 -19 31 58 76 75 -32 -22 -55 9 -74 -18 -23 41 91 99 13 54 28 -53 32
70 58 63 25 94 59 -21 1 96 -63 57 -76 23 31 -45 69 -50 -51 -24 7 82 84 18 -88 -24 -25 -49 -33 -37 77 -2 -29 65 -44 -26 -63 -84 -28 25 4 -71 -96 75 -59 -9 -68 26 -35 -89 -93
44 -58 -63 48 51 12 58 45 -63 18 78 17 40 5 -36 -61 -75 9 -16 33 -68 -63 92 7 -79 -6 -21 23 23 91 -73 74 95 -86 -34 20 65 51 -39 34 -54 -32 4 -67 -61 -64 -15 38 42 59
20 28 62 -93 57 45 71 96 -54 -42 -18 30 82 12 -27 100 66 16 72 -75 100 82 49 -47 63 42 35 -74 -88 -50 -41 -19 25 42 13 -23 -54 79 13 -36 75 -69 79 18 73 -13 -4 -53 -65 -36
-80 81 52 -67 19 -38 81 55 69 -49 43 -93 24 57 -34 -47 20 -92 54 -8 -21 78 -67 -64 -35 69 41 34 -81 -38 -29 98 -62 -14 -3 5 25 92 -32 75 29 75 -82 68 -15 -94 -29 89 -57 -43
-14 -2 55 -13 -47 -79 -99 75 -34 -56 83 -35 11 28 -81 -2 45 -11 80 64 48 87 -23 -73 43 78 12 -18 5 -44 34 81 100 79 -6 3 -79 -24 68 93 55 -66 81 -44 6 1 8 -42 -78 -67
9 90 19 -44 16 91 78 -67 -68 16 52 42 -66 100 -31 -7 5 50 7 36 -28 -47 93 100 8 -91 -91 -6 -45 17 -6 40 -24 -72 23 -13 -86 64 71 32 -12 24 82 96 -27 -13 -85 -70 -35 -39
37 18 -8 -2 -19 -25 39 -44 78 52 -28 57 30 -70 16 28 8 44 37 -36 100 -81 -54 20 26 46 -23 -41 -27 -57 -90 -23 -82 8 21 55 91 48 10 29 -47 -26 -96 82 -88 17 -78 88 -82 96
-6 3 -32 52 -18 38 31 14 -4 -100 -9 -35 2 -15 -80 -59 94 -48 7 57 2 16 -25 25 12 -21 -12 58 28 25 93 88 -21 -45 -34 -6 -7 18 43 -8 -63 -23 -19 90 99 87 -44 44 -14 -49
-10 64 73 -4 94 -76 -78 5 20 13 1 -53 -51 -47 -5 -19 -76 -54 0 70 76 13 73 -30 -21 38 50 -74 62 -50 37 88 -36 55 25 -63 -43 87 75 26 27 11 9 -9 -92 -85 -45 73 -79 -18
1 24 78 97 52 76 9 74 -22 -8 -25 6 36 -97 -79 -61 68 -3 -2 -69 -42 -20 17 46 -14 -5 42 -43 52 -99 94 -48 -35 -17 14 -100 69 -23 -45 -21 20 -49 -81 -19 -42 26 56 -89 -44 -39
-81 53 -81 13 33 -25 70 -79 -54 -90 59 -76 -12 6 43 -57 -3 58 6 -100 -58 13 -46 -99 -64 -36 52 -24 78 -72 -49 0 100 -35 90 -62 -75 -56 35 20 -16 -61 81 51 2 -51 -78 -7 51 -54
-65 -20 63 60 -51 -53 -47 -91 84 -60 -5 -19 -86 -20 71 -28 -7 80 42 90 -74 85 55 -32 95 -73 93 -65 -38 80 -92 34 -67 3 86 35 46 8 -50 -19 65 -65 -76 -64 -10 -4 1 -64 -9 22
-2 -86 51 43 -96 46 -76 16 59 -76 56 -74 -2 -20 18 -76 -14 96 51 72 60 -92 -74 64 61 -83 -94 22 -42 -31 32 68 -19 1 61 24 73 -27 23 -87 -2 -94 32 54 25 -85 -48 -15 -97 -74
36 29 -61 -59 44 -7 -13 -38 77 87 96 33 -36 -47 100 -65 -96 -48 56 -57 54 -71 -35 -41 -31 20 -31 -81 -14 70 86 84 98 66 27 -58 3 -54 -16 -71 -10 82 88 49 -10 -48 88 70 -91 -26
-61 -36 76 -48 -74 -44 -65 1 23 59 -45 0 -50 71 -36 74 20 -33 19 -66 3 -47 22 -71 95 -2 -88 -21 55 31 58 68 46 -49 -17 5 79 10 -19 -36 38 38 -79 50 82 20 91 -21 -36 -33
-30 77 56 -17 -88 -51 -26 -21 -20 16 42 -5 -14 -16 0 -63 92 0 72 -17 17 -20 -2 -5 -28 -68 78 -40 73 -95 19 29 -57 3 13 73 3 12 55 -14 -24 20 -16 -32 -65 -69 78 81 91 -1
-23 -78 -65 -52 87 -58 -93 -88 63 60 38 67 3 55 -12 44 68 68 23 84 69 -24 -44 -2 18 -83 22 85 14 -24 80 -53 -16 -64 -15 37 -8 -41 81 -53 -2 11 70 -86 -57 89 37 81 -64 72
-97 25 0 -28 87 -82 38 -59 -34 -17 17 -38 5 -13 3 -38 -98 8 -3 31 23 24 -38 -25 76 -17 -90 -90 -19 -89 -60 34 78 -73 -35 65 -65 -17 -50 -47 -99 71 6 74 41 7 62 30 77 53
-69 57 69 -9 72 -17 46 47 34 97 -55 84 37 -95 31 -38 90 -32 -33 -79 5 20 7 2 -44 -47 -89 -82 -21 -74 29 -16 53 -28 -7 75 41 -90 -59 50 -46 -15 -80 -75 -15 -57 49 99 -38 43
-29 51 -13 -93 -85 74 -46 -14 -70 10 13 99 -100 95 83 -47 34 -85 97 -50 -11 84 3 39 -74 61 77 -56 -26 21 -99 13 -17 42 -42 27 -56 -27 -99 91 -70 90 -76 -100 -87 -94 86 -46 -15 77
12 -25 -19 -58 98 87 -40 71 -73 -17 -82 -20 -48 9 -40 -47 100 -40 18 -47 -52 11 -89 3 88 -80 -36 -69 91 -52 60 -35 7 -90 73 -66 69 51 -49 -37 -11 -22 -96 -19 11 88 58 -71 48 60
98 91 94 86 -64 48 37 90 38 -64 -40 70 19 -29 44 -37 -35 -90 -99 57 30 -38 10 63 24 -29 -51 72 -54 -94 8 -87 78 -62 -17 39 98 76 80 -54 42 -8 79 42 90 28 78 3 31 32
-76 -53 48 -27 99 2 8 -72 90 78 50 29 -92 -97 87 43 83 -5 -92 -65 12 14 57 -46 6 -40 3 -14 20 69 -73 -13 59 38 91 82 90 -79 -21 73 22 86 83 44 -47 -23 -15 -20 -40 53
64 22 -94 10 90 -11 56 34 -41 15 46 -1 77 68 37 -10 3 93 -29 81 26 -24 18 -80 -94 -14 49 -15 -9 -12 0 -8 -37 57 83 -48 -34 87 -41 -82 -25 4 -10 -83 17 99 35 16 21 6
-83 -81 6 -40 42 33 -79 81 -100 -22 93 -100 -77 -15 23 -92 -57 -70 -62 -6 74 54 13 17 97 21 94 53 9 88 -47 -99 90 66 44 65 4 20 -1 -100 -8 -56 51 -19 -62 79 37 32 -6 -36
58 30 -1 -20 -45 -79 -13 83 79 96 80 15 -83 89 80 -29 -83 -6 -40 -65 -99 27 -45 1 38 68 -68 -74 -18 -43 -75 44 50 6 -5 -57 -39 80 -90 10 -72 -56 33 -4 1 94 -15 -83 50 59
30 21 61 -49 -87 34 -25 -94 -8 -22 14 -100 -58 -75 -67 -72 -89 21 47 16 100 -58 37 -86 -12 -48 6 52 2 -13 -91 -36 -97 -12 -27 51 94 46 -95 -78 57 89 -27 -14 -90 59 -14 81 17 -99
45 23 20 -76 60 -54 30 60 37 -17 -41 87 76 29 33 -79 -8 52 43 51 -72 47 -81 -75 20 59 -48 -9 0 -17 -51 -31 -47 10 -96 -99 26 -77 -67 56 79 4 56 1 -63 26 99 100 16 -9
-86 52 11 -50 87 -41 -20 74 49 17 94 5 -33 -27 73 45 59 46 -3 25 -80 -90 62 72 -64 1 8 12 58 64 62 -44 43 10 -67 -37 -27 -46 -56 -4 -57 21 58 8 74 -21 42 37 64 71
-43 41 -40 33 -10 86 -84 58 -84 -64 65 -81 -42 -42 83 64 -86 -47 76 -100 -11 -32 93 26 -61 -17 57 14 -20 -29 0 -8 88 -77 -76 24 18 51 -21 -8 -3 11 5 -1 -100 27 69 -93 33 -56
-57 23 -64 71 -31 -42 -42 36 29 60 3 13 81 84 -11 44 80 -28 83 8 -45 -5 -56 89 -67 -3 37 79 83 -45 34 -10 75 86 81 -81 78 -86 80 6 -40 76 36 97 54 -49 -72 -34 23 -58
21 4 -11 77 74 43 -51 -13 83 75 16 51 -64 38 -96 35 2 -14 23 15 59 -44 90 -81 -10 36 -71 -44 90 65 85 21 89 -6 -14 42 76 -38 40 -66 -29 -35 -9 -43 58 94 -76 47 80 -8
-55 52 19 -51 -33 96 36 -82 -68 -78 -92 90 -50 -63 -30 -37 5 83 -18 96 24 89 -37 -39 -28 -62 -62 65 -28 -80 40 -96 -5 13 -37 -99 -68 -1 6 -46 81 26 -97 -27 -53 -39 -25 11 80 -26
99 -17 -13 31 -33 -19 -76 1 96 43 8 -82 17 60 15 9 78 -86 48 -21 -93 -52 98 5 63 25 41 96 -88 42 -19 -69 -85 11 -92 -87 98 76 31 -18 -36 42 59 -33 54 2 -100 4 88 80
90 77 -55 1 0 54 -85 -13 -84 -72 -21 33 -23 -41 19 -59 29 -36 -22 19 52 53 -28 41 70 -56 34 98 15 -97 38 -14 -28 40 -54 -5 -55 0 -2 -94 55 35 80 1 94 -2 56 36 9 -22
-89 -14 -23 23 -33 97 -99 -65 42 28 21 30 86 83 34 -37 14 15 32 81 59 66 -70 83 -20 18 35 -17 -25 -84 -62 53 -40 -57 19 -44 60 -9 -30 49 81 2 -24 -61 51 -2 6 94 -43 -10
38 8 -71 69 -22 20 16 74 -95 84 -44 79 20 74 -32 11 -71 -85 -8 -65 6 52 -91 23 -38 29 -40 39 83 34 45 59 -94 -21 -46 -83 13 94 10 -42 6 -84 40 -74 31 -10 -79 15 11 -30
-3 -15 -44 -30 -81 84 47 -52 -50 44 -9 2 -90 44 51 91 62 -6 94 56 -57 -54 -45 -50 -53 86 -60 74 -31 -44 -91 15 -5 -29 20 -45 18 48 25 56 43 -37 -76 -16 62 -88 10 15 -7 93
-14 -73 -89 -64 19 -68 37 -19 43 85 -71 -42 86 -31 23 -57 26 -95 -74 -80 35 60 71 -37 78 1 -36 -89 20 91 -74 60 12 -39 -32 -93 -55 -27 -43 -84 76 -65 56 -3 -39 -98 -97 -37 -36 -72
69 -94 0 89 -97 -22 68 -76 52 -15 40 22 51 44 -25 58 62 30 -85 -15 -98 72 28 81 47 -61 -77 87 -8 -65 44 46 89 68 29 -79 -15 15 -6 -64 -34 -68 -25 -30 -79 23 86 7 -78 -100
16 60 97 10 -40 -97 -23 41 -47 -76 25 38 41 -78 -73 81 -28 92 -58 36 69 81 -22 -90 29 54 -30 -52 -25 -53 45 97 71 -91 95 -16 -64 98 65 4 16 0 11 -14 -99 87 -40 -65 82 -45
17 -43 49 46 4 50 -14 -75 -13 100 33 84 -50 -67 6 49 -68 -56 22 -74 11 -83 -81 -8 -25 -30 -9 -9 -32 50 -20 48 -81 -68 18 58 -38 74 -66 19 -85 -73 -40 8 80 10 -40 57 -29 71
49 18 -4 10 92 11 86 4 93 22 -55 -82 -56 3 48 -14 -41 100 23 45 26 76 42 7 48 -82 -1 86 32 -44 11 16 -19 -47 96 72 -99 -84 47 -68 -42 -77 78 48 -16 33 -85 1 1 -49
-48 30 90 7 -96 -70 85 -31 23 -10 -6 -44 -29 -10 -9 -70 82 3 -86 39 -92 -42 58 -55 -3 -24 -88 -44 -95 60 53 29 -63 94 90 88 -95 -76 -93 -42 -70 -96 22 -72 -78 69 -93 -31 -34 -89
-89 -34 38 -87 35 41 46 20 85 -45 29 -4 29 30 64 -45 64 91 57 -88 28 69 -43 97 53 -28 27 50 99 18 11 -87 -95 -88 -53 -2 -47 -90 53 -6 36 -27 -33 -90 7 79 25 53 -27 -12
-43 27 44 54 -95 96 41 70 -35 -30 -36 37 10 -56 78 7 -28 -54 1 -67 10 57 91 95 63 -23 -88 97 66 -83 42 -76 5 47 55 88 -42 83 -83 -23 84 -4 50 -40 -1 62 80 78 -65 -13
